<?xml version="1.0" encoding="UTF-8" standalone="no"?>
<svg
   xmlns:dc="http://purl.org/dc/elements/1.1/"
   xmlns:cc="http://creativecommons.org/ns#"
   xmlns:rdf="http://www.w3.org/1999/02/22-rdf-syntax-ns#"
   xmlns:svg="http://www.w3.org/2000/svg"
   xmlns="http://www.w3.org/2000/svg"
   xmlns:xlink="http://www.w3.org/1999/xlink"
   xmlns:sodipodi="http://sodipodi.sourceforge.net/DTD/sodipodi-0.dtd"
   xmlns:inkscape="http://www.inkscape.org/namespaces/inkscape"
   width="64px"
   height="64px"
   viewBox="0 0 6.0909982 7.2557043"
   version="1.1"
   id="svg17"
   sodipodi:docname="temp.svg">
  <metadata
     id="metadata21">
    <rdf:RDF>
      <cc:Work
         rdf:about="">
        <dc:format>image/svg+xml</dc:format>
        <dc:type
           rdf:resource="http://purl.org/dc/dcmitype/StillImage" />
      </cc:Work>
    </rdf:RDF>
  </metadata>
  <sodipodi:namedview
     pagecolor="#ffffff"
     bordercolor="#666666"
     borderopacity="1"
     objecttolerance="10"
     gridtolerance="10"
     guidetolerance="10"
     inkscape:pageopacity="0"
     inkscape:pageshadow="2"
     inkscape:window-width="640"
     inkscape:window-height="480"
     id="namedview19" />
  <defs
     id="defs10">
    <g
       id="g8">
      <symbol
         overflow="visible"
         id="glyph0-0">
        <path
           style="stroke:none"
           d=""
           id="path2" />
      </symbol>
      <symbol
         overflow="visible"
         id="glyph0-1">
        <path
           style="stroke:none"
           d="M 5.875,-6.1875 C 5.765625,-6.28125 5.65625,-6.390625 5.546875,-6.484375 5.328125,-6.671875 5.046875,-6.84375 4.75,-6.921875 4.34375,-7.0625 3.921875,-7.0625 3.515625,-7 3.125,-6.921875 2.765625,-6.8125 2.40625,-6.625 2.140625,-6.46875 1.875,-6.28125 1.640625,-6.046875 1.4375,-5.859375 1.25,-5.625 1.109375,-5.390625 0.53125,-4.46875 0.40625,-3.3125 0.71875,-2.28125 c 0.390625,1.25 1.46875,2.21875 2.765625,2.4375 0.21875,0.046875 0.46875,0.078125 0.71875,0.046875 C 4.484375,0.171875 4.75,0.125 5.03125,0.015625 5.71875,-0.265625 6.265625,-0.84375 6.5,-1.5625 6.5625,-1.75 6.609375,-1.96875 6.625,-2.1875 6.640625,-2.265625 6.65625,-2.34375 6.625,-2.421875 6.609375,-2.515625 6.4375,-2.53125 6.40625,-2.4375 6.375,-2.375 6.390625,-2.328125 6.390625,-2.28125 6.375,-2.1875 6.375,-2.078125 6.34375,-1.96875 6.296875,-1.6875 6.1875,-1.421875 6.046875,-1.171875 5.65625,-0.546875 4.984375,-0.140625 4.25,-0.09375 4.03125,-0.09375 3.8125,-0.125 3.59375,-0.171875 3.40625,-0.203125 3.234375,-0.28125 3.0625,-0.375 3,-0.40625 2.9375,-0.421875 2.890625,-0.484375 2.84375,-0.515625 2.859375,-0.578125 2.859375,-0.625 v -5.59375 c 0,-0.046875 0,-0.078125 0.015625,-0.125 0.03125,-0.03125 0.0625,-0.046875 0.09375,-0.0625 0.078125,-0.046875 0.15625,-0.078125 0.234375,-0.125 0.328125,-0.140625 0.6875,-0.234375 1.046875,-0.203125 0.203125,0.03125 0.390625,0.0625 0.5625,0.140625 0.625,0.234375 1.078125,0.8125 1.3125,1.421875 0.0625,0.1875 0.125,0.390625 0.171875,0.59375 0,0.0625 0.015625,0.125 0.015625,0.1875 0,0.046875 0,0.109375 0.03125,0.140625 0.03125,0.0625 0.171875,0.0625 0.21875,0.046875 0.09375,-0.03125 0.078125,-0.125 0.078125,-0.1875 V -6.875 c 0,-0.046875 0,-0.109375 -0.046875,-0.140625 -0.109375,-0.078125 -0.1875,0.0625 -0.25,0.125 -0.078125,0.125 -0.171875,0.265625 -0.265625,0.40625 C 6.015625,-6.390625 5.9375,-6.296875 5.875,-6.1875 Z M 2.546875,-6.109375 V -0.71875 C 2.421875,-0.8125 2.3125,-0.953125 2.21875,-1.078125 2.03125,-1.3125 1.890625,-1.578125 1.796875,-1.875 1.59375,-2.46875 1.5625,-3.109375 1.578125,-3.734375 1.609375,-4.109375 1.640625,-4.46875 1.75,-4.84375 1.859375,-5.1875 2.03125,-5.515625 2.25,-5.796875 2.328125,-5.90625 2.4375,-6.03125 2.546875,-6.109375 Z m 0,0"
           id="path5" />
      </symbol>
    </g>
  </defs>
  <g
     id="surface1"
     transform="translate(-149.26405,-127.725)">
    <g
       style="fill:#000000;fill-opacity:1"
       id="g14">
      <use
         xlink:href="#glyph0-1"
         x="148.71201"
         y="134.765"
         id="use12"
         width="100%"
         height="100%" />
    </g>
  </g>
</svg>
