<?xml version="1.0" encoding="UTF-8" standalone="no"?>
<svg
   xmlns:dc="http://purl.org/dc/elements/1.1/"
   xmlns:cc="http://creativecommons.org/ns#"
   xmlns:rdf="http://www.w3.org/1999/02/22-rdf-syntax-ns#"
   xmlns:svg="http://www.w3.org/2000/svg"
   xmlns="http://www.w3.org/2000/svg"
   xmlns:xlink="http://www.w3.org/1999/xlink"
   xmlns:sodipodi="http://sodipodi.sourceforge.net/DTD/sodipodi-0.dtd"
   xmlns:inkscape="http://www.inkscape.org/namespaces/inkscape"
   width="64px"
   height="64px"
   viewBox="0 0 7.515625 7.0225695"
   version="1.1"
   id="svg17"
   sodipodi:docname="temp.svg">
  <metadata
     id="metadata21">
    <rdf:RDF>
      <cc:Work
         rdf:about="">
        <dc:format>image/svg+xml</dc:format>
        <dc:type
           rdf:resource="http://purl.org/dc/dcmitype/StillImage" />
      </cc:Work>
    </rdf:RDF>
  </metadata>
  <sodipodi:namedview
     pagecolor="#ffffff"
     bordercolor="#666666"
     borderopacity="1"
     objecttolerance="10"
     gridtolerance="10"
     guidetolerance="10"
     inkscape:pageopacity="0"
     inkscape:pageshadow="2"
     inkscape:window-width="640"
     inkscape:window-height="480"
     id="namedview19" />
  <defs
     id="defs10">
    <g
       id="g8">
      <symbol
         overflow="visible"
         id="glyph0-0">
        <path
           style="stroke:none"
           d=""
           id="path2" />
      </symbol>
      <symbol
         overflow="visible"
         id="glyph0-1">
        <path
           style="stroke:none"
           d="m 0.34375,-6.8125 v 0.296875 c 0.21875,0 0.4375,0 0.671875,0.03125 C 1.125,-6.46875 1.25,-6.453125 1.3125,-6.34375 c 0.078125,0.109375 0.046875,0.28125 0.046875,0.421875 v 5.03125 c 0,0.125 0.03125,0.28125 -0.046875,0.40625 C 1.25,-0.375 1.140625,-0.359375 1.015625,-0.34375 0.78125,-0.3125 0.5625,-0.3125 0.34375,-0.3125 v 0.296875 H 4.359375 V -0.3125 c -0.21875,0 -0.4375,0 -0.65625,-0.03125 -0.09375,0 -0.203125,-0.015625 -0.28125,-0.09375 -0.09375,-0.078125 -0.09375,-0.203125 -0.09375,-0.3125 v -2.5625 c 0.21875,0 0.4375,0 0.65625,0.015625 C 4.4375,-3.234375 4.90625,-3 5.125,-2.578125 c 0.125,0.25 0.125,0.53125 0.125,0.8125 0,0.265625 -0.03125,0.546875 0.015625,0.8125 0.03125,0.21875 0.125,0.4375 0.265625,0.609375 0.078125,0.078125 0.140625,0.15625 0.21875,0.21875 0.140625,0.09375 0.296875,0.171875 0.453125,0.21875 0.203125,0.078125 0.421875,0.109375 0.625,0.109375 0.125,0 0.25,0 0.375,-0.03125 0.296875,-0.09375 0.484375,-0.375 0.578125,-0.65625 0.046875,-0.125 0.078125,-0.265625 0.078125,-0.40625 0,-0.0625 -0.015625,-0.125 -0.078125,-0.15625 -0.0625,-0.015625 -0.140625,0 -0.171875,0.0625 0,0.03125 0,0.0625 0,0.109375 C 7.59375,-0.8125 7.59375,-0.765625 7.59375,-0.703125 7.546875,-0.515625 7.46875,-0.3125 7.3125,-0.15625 7.109375,0.046875 6.765625,0.046875 6.578125,-0.1875 6.375,-0.4375 6.34375,-0.8125 6.296875,-1.109375 6.25,-1.359375 6.203125,-1.59375 6.171875,-1.84375 6.140625,-2.078125 6.109375,-2.3125 6,-2.515625 5.859375,-2.828125 5.59375,-3.046875 5.296875,-3.203125 5.140625,-3.28125 4.9375,-3.375 4.75,-3.40625 V -3.421875 C 4.953125,-3.4375 5.15625,-3.515625 5.328125,-3.59375 5.421875,-3.625 5.515625,-3.65625 5.609375,-3.703125 6.140625,-3.984375 6.703125,-4.46875 6.625,-5.140625 6.625,-5.25 6.59375,-5.34375 6.5625,-5.4375 6.5,-5.578125 6.421875,-5.71875 6.328125,-5.828125 6.140625,-6.078125 5.890625,-6.25 5.625,-6.390625 5.109375,-6.671875 4.515625,-6.78125 3.921875,-6.8125 c -0.265625,-0.015625 -0.546875,0 -0.828125,0 z m 2.671875,0.296875 V -0.3125 H 2.21875 v -6.203125 z m 0.3125,2.984375 v -2.625 c 0,-0.078125 0,-0.1875 0.0625,-0.265625 C 3.421875,-6.46875 3.5,-6.484375 3.5625,-6.5 3.671875,-6.515625 3.78125,-6.515625 3.890625,-6.5 4.25,-6.484375 4.59375,-6.421875 4.921875,-6.265625 5.0625,-6.1875 5.203125,-6.09375 5.3125,-5.96875 c 0.1875,0.234375 0.265625,0.484375 0.296875,0.765625 0.03125,0.40625 -0.046875,0.84375 -0.328125,1.15625 -0.0625,0.0625 -0.15625,0.125 -0.234375,0.1875 -0.515625,0.328125 -1.125,0.328125 -1.71875,0.328125 z m 0,0"
           id="path5" />
      </symbol>
    </g>
  </defs>
  <g
     id="surface1"
     transform="translate(-149.05576,-127.94555)">
    <g
       style="fill:#000000;fill-opacity:1"
       id="g14">
      <use
         xlink:href="#glyph0-1"
         x="148.71201"
         y="134.765"
         id="use12"
         width="100%"
         height="100%" />
    </g>
  </g>
</svg>
