<?xml version="1.0" encoding="UTF-8" standalone="no"?>
<svg
   xmlns:dc="http://purl.org/dc/elements/1.1/"
   xmlns:cc="http://creativecommons.org/ns#"
   xmlns:rdf="http://www.w3.org/1999/02/22-rdf-syntax-ns#"
   xmlns:svg="http://www.w3.org/2000/svg"
   xmlns="http://www.w3.org/2000/svg"
   xmlns:xlink="http://www.w3.org/1999/xlink"
   xmlns:sodipodi="http://sodipodi.sourceforge.net/DTD/sodipodi-0.dtd"
   xmlns:inkscape="http://www.inkscape.org/namespaces/inkscape"
   width="64px"
   height="64px"
   viewBox="0 0 15.465336 11.078335"
   version="1.1"
   id="svg17"
   sodipodi:docname="temp.svg">
  <metadata
     id="metadata21">
    <rdf:RDF>
      <cc:Work
         rdf:about="">
        <dc:format>image/svg+xml</dc:format>
        <dc:type
           rdf:resource="http://purl.org/dc/dcmitype/StillImage" />
      </cc:Work>
    </rdf:RDF>
  </metadata>
  <sodipodi:namedview
     pagecolor="#ffffff"
     bordercolor="#666666"
     borderopacity="1"
     objecttolerance="10"
     gridtolerance="10"
     guidetolerance="10"
     inkscape:pageopacity="0"
     inkscape:pageshadow="2"
     inkscape:window-width="640"
     inkscape:window-height="480"
     id="namedview19" />
  <defs
     id="defs10">
    <g
       id="g8">
      <symbol
         overflow="visible"
         id="glyph0-0">
        <path
           style="stroke:none"
           d=""
           id="path2" />
      </symbol>
      <symbol
         overflow="visible"
         id="glyph0-1">
        <path
           style="stroke:none"
           d="m 1.03125,10.640625 c 0.109375,-0.03125 0.21875,-0.0625 0.296875,-0.171875 0.171875,-0.265625 0,-0.625 -0.3125,-0.65625 -0.46875,-0.046875 -0.546875,0.484375 -0.34375,0.796875 0.09375,0.15625 0.234375,0.25 0.390625,0.34375 C 1.671875,11.234375 2.34375,11.03125 2.734375,10.5 3.296875,9.75 3.328125,8.734375 3.453125,7.828125 3.609375,6.765625 3.734375,5.6875 3.8125,4.609375 3.890625,3.765625 3.921875,2.921875 4,2.078125 4.0625,1.359375 4.171875,0.234375 4.953125,0.21875 c 0.28125,0 0.484375,0.078125 0.65625,0.203125 -0.125,0.03125 -0.234375,0.078125 -0.3125,0.1875 -0.15625,0.265625 0,0.625 0.3125,0.65625 C 6.078125,1.3125 6.15625,0.78125 5.96875,0.453125 5.859375,0.3125 5.71875,0.203125 5.5625,0.125 4.96875,-0.15625 4.28125,0.0625 3.890625,0.578125 3.3125,1.359375 3.265625,2.421875 3.15625,3.34375 3.03125,4.3125 2.90625,5.265625 2.828125,6.234375 2.734375,7.15625 2.6875,8.078125 2.609375,9 c -0.0625,0.703125 -0.171875,1.84375 -0.9375,1.859375 -0.28125,0 -0.46875,-0.07813 -0.640625,-0.21875 z m 9.96875,0 c 0.109375,-0.03125 0.21875,-0.0625 0.296875,-0.171875 0.171875,-0.265625 0,-0.625 -0.3125,-0.65625 -0.46875,-0.046875 -0.546875,0.484375 -0.34375,0.796875 0.09375,0.15625 0.234375,0.25 0.390625,0.34375 0.609375,0.28125 1.28125,0.07813 1.671875,-0.453125 0.5625,-0.75 0.59375,-1.765625 0.71875,-2.671875 0.140625,-1.015625 0.265625,-2.0625 0.359375,-3.09375 0.07813,-0.890625 0.109375,-1.78125 0.1875,-2.65625 0.0625,-0.71875 0.171875,-1.84375 0.953125,-1.859375 0.28125,0 0.484375,0.078125 0.65625,0.203125 -0.125,0.03125 -0.234375,0.078125 -0.3125,0.1875 -0.15625,0.265625 0,0.625 0.3125,0.65625 C 16.046875,1.3125 16.125,0.78125 15.9375,0.453125 15.828125,0.3125 15.6875,0.203125 15.53125,0.125 14.9375,-0.15625 14.25,0.0625 13.859375,0.578125 13.28125,1.34375 13.25,2.375 13.125,3.296875 12.984375,4.34375 12.859375,5.40625 12.765625,6.453125 12.703125,7.3125 12.65625,8.15625 12.578125,9 c -0.0625,0.703125 -0.171875,1.84375 -0.9375,1.859375 -0.28125,0 -0.46875,-0.07813 -0.640625,-0.21875 z m -5.203125,-5.625 c -0.078125,0 -0.140625,0.015625 -0.21875,0.046875 -0.5,0.234375 -0.3125,1.015625 0.25,1 0.078125,0 0.140625,-0.015625 0.21875,-0.046875 0.5,-0.25 0.3125,-1.015625 -0.25,-1 z m 2.5,0 c -0.078125,0 -0.15625,0.015625 -0.21875,0.046875 -0.5,0.234375 -0.328125,1.015625 0.234375,1 0.078125,0 0.15625,-0.015625 0.21875,-0.046875 0.5,-0.25 0.328125,-1.015625 -0.234375,-1 z m 2.484375,0 c -0.07813,0 -0.140625,0.015625 -0.21875,0.046875 -0.5,0.234375 -0.3125,1.015625 0.25,1 0.07813,0 0.140625,-0.015625 0.21875,-0.046875 0.5,-0.25 0.296875,-1.015625 -0.25,-1 z m 0,0"
           id="path5" />
      </symbol>
    </g>
  </defs>
  <g
     id="surface1"
     transform="translate(-149.27853,-126.74039)">
    <g
       style="fill:#000000;fill-opacity:1"
       id="g14">
      <use
         xlink:href="#glyph0-1"
         x="148.71201"
         y="126.739"
         id="use12"
         width="100%"
         height="100%" />
    </g>
  </g>
</svg>
