<?xml version="1.0" encoding="UTF-8" standalone="no"?>
<svg
   xmlns:dc="http://purl.org/dc/elements/1.1/"
   xmlns:cc="http://creativecommons.org/ns#"
   xmlns:rdf="http://www.w3.org/1999/02/22-rdf-syntax-ns#"
   xmlns:svg="http://www.w3.org/2000/svg"
   xmlns="http://www.w3.org/2000/svg"
   xmlns:xlink="http://www.w3.org/1999/xlink"
   xmlns:sodipodi="http://sodipodi.sourceforge.net/DTD/sodipodi-0.dtd"
   xmlns:inkscape="http://www.inkscape.org/namespaces/inkscape"
   width="64px"
   height="64px"
   viewBox="0 0 8.8545408 11.081901"
   version="1.1"
   id="svg17"
   sodipodi:docname="temp.svg">
  <metadata
     id="metadata21">
    <rdf:RDF>
      <cc:Work
         rdf:about="">
        <dc:format>image/svg+xml</dc:format>
        <dc:type
           rdf:resource="http://purl.org/dc/dcmitype/StillImage" />
      </cc:Work>
    </rdf:RDF>
  </metadata>
  <sodipodi:namedview
     pagecolor="#ffffff"
     bordercolor="#666666"
     borderopacity="1"
     objecttolerance="10"
     gridtolerance="10"
     guidetolerance="10"
     inkscape:pageopacity="0"
     inkscape:pageshadow="2"
     inkscape:window-width="640"
     inkscape:window-height="480"
     id="namedview19" />
  <defs
     id="defs10">
    <g
       id="g8">
      <symbol
         overflow="visible"
         id="glyph0-0">
        <path
           style="stroke:none"
           d=""
           id="path2" />
      </symbol>
      <symbol
         overflow="visible"
         id="glyph0-1">
        <path
           style="stroke:none"
           d="m 3.203125,3.015625 h -2.28125 c -0.3125,0 -0.296875,0.109375 -0.296875,0.375 v 4.3125 C 0.625,7.8125 0.609375,7.921875 0.6875,8 0.8125,8.109375 1.09375,8.0625 1.234375,8.0625 h 1.46875 C 2.65625,8.25 2.65625,8.453125 2.65625,8.65625 2.578125,9.609375 2.5,11.03125 1.453125,10.84375 1.28125,10.8125 1.171875,10.71875 1.015625,10.65625 v -0.01563 C 1.546875,10.5625 1.46875,9.828125 1,9.8125 0.6875,9.796875 0.515625,10.0625 0.5625,10.34375 0.640625,10.859375 1.25,11.140625 1.890625,11.0625 2.953125,10.859375 3.234375,9.53125 3.359375,8.640625 3.390625,8.4375 3.40625,8.25 3.4375,8.0625 H 6.015625 C 5.984375,8.484375 5.953125,8.921875 5.90625,9.34375 5.84375,9.90625 5.71875,10.546875 5.296875,10.78125 5,10.9375 4.59375,10.84375 4.34375,10.640625 c 0.125,-0.03125 0.234375,-0.0625 0.296875,-0.171875 0.1875,-0.265625 0,-0.640625 -0.3125,-0.65625 -0.296875,-0.015625 -0.484375,0.234375 -0.4375,0.515625 0.03125,0.234375 0.171875,0.421875 0.375,0.5625 0.65625,0.390625 1.421875,0.140625 1.84375,-0.453125 0.359375,-0.515625 0.484375,-1.140625 0.5625,-1.75 0.03125,-0.21875 0.0625,-0.421875 0.09375,-0.625 h 2.28125 c 0.296875,0 0.28125,-0.125 0.28125,-0.375 V 3.375 c 0,-0.109375 0.015625,-0.21875 -0.0625,-0.296875 C 9.15625,2.96875 8.875,3.015625 8.71875,3.015625 H 7.265625 c 0,-0.1875 0.03125,-0.40625 0.046875,-0.609375 C 7.375,1.59375 7.4375,0.296875 8.234375,0.21875 8.53125,0.1875 8.734375,0.3125 8.9375,0.421875 8.421875,0.515625 8.46875,1.171875 8.90625,1.25 9.234375,1.3125 9.4375,1.046875 9.40625,0.75 9.375,0.515625 9.21875,0.3125 9.015625,0.1875 8.40625,-0.1875 7.625,0.015625 7.21875,0.578125 6.828125,1.109375 6.6875,1.78125 6.609375,2.40625 6.578125,2.609375 6.53125,2.828125 6.53125,3.015625 H 3.9375 C 3.96875,2.859375 3.96875,2.6875 3.984375,2.53125 4.0625,1.765625 4.0625,0.625 4.671875,0.296875 c 0.28125,-0.15625 0.6875,-0.0625 0.9375,0.125 C 5.5,0.453125 5.390625,0.5 5.3125,0.609375 5.125,0.890625 5.34375,1.28125 5.6875,1.265625 5.984375,1.25 6.125,0.984375 6.078125,0.71875 5.984375,0.203125 5.359375,-0.0625 4.75,0.015625 3.84375,0.171875 3.484375,1.21875 3.34375,2 3.28125,2.328125 3.25,2.6875 3.203125,3.015625 Z M 3.15625,3.421875 C 3,4.46875 2.90625,5.515625 2.796875,6.578125 2.78125,6.84375 2.765625,7.109375 2.734375,7.375 c 0,0.0625 0.03125,0.21875 -0.015625,0.265625 C 2.6875,7.671875 2.625,7.65625 2.578125,7.65625 H 1.03125 V 3.421875 Z m 3.3125,0 -0.125,1.015625 C 6.234375,5.5 6.125,6.5625 6.046875,7.65625 h -2.5625 C 3.640625,6.609375 3.734375,5.546875 3.84375,4.5 3.859375,4.234375 3.875,3.96875 3.890625,3.703125 3.890625,3.640625 3.875,3.484375 3.921875,3.4375 3.96875,3.40625 4.0625,3.421875 4.109375,3.421875 Z m 2.46875,0 V 7.65625 H 6.8125 C 6.984375,6.28125 7.125,4.859375 7.234375,3.421875 Z m 0,0"
           id="path5" />
      </symbol>
    </g>
  </defs>
  <g
     id="surface1"
     transform="translate(-149.26687,-126.73582)">
    <g
       style="fill:#000000;fill-opacity:1"
       id="g14">
      <use
         xlink:href="#glyph0-1"
         x="148.71201"
         y="126.739"
         id="use12"
         width="100%"
         height="100%" />
    </g>
  </g>
</svg>
