<?xml version="1.0" encoding="UTF-8" standalone="no"?>
<svg
   xmlns:dc="http://purl.org/dc/elements/1.1/"
   xmlns:cc="http://creativecommons.org/ns#"
   xmlns:rdf="http://www.w3.org/1999/02/22-rdf-syntax-ns#"
   xmlns:svg="http://www.w3.org/2000/svg"
   xmlns="http://www.w3.org/2000/svg"
   xmlns:xlink="http://www.w3.org/1999/xlink"
   xmlns:sodipodi="http://sodipodi.sourceforge.net/DTD/sodipodi-0.dtd"
   xmlns:inkscape="http://www.inkscape.org/namespaces/inkscape"
   width="64px"
   height="64px"
   viewBox="0 0 11.5 5.4843749"
   version="1.1"
   id="svg17"
   sodipodi:docname="temp.svg">
  <metadata
     id="metadata21">
    <rdf:RDF>
      <cc:Work
         rdf:about="">
        <dc:format>image/svg+xml</dc:format>
        <dc:type
           rdf:resource="http://purl.org/dc/dcmitype/StillImage" />
      </cc:Work>
    </rdf:RDF>
  </metadata>
  <sodipodi:namedview
     pagecolor="#ffffff"
     bordercolor="#666666"
     borderopacity="1"
     objecttolerance="10"
     gridtolerance="10"
     guidetolerance="10"
     inkscape:pageopacity="0"
     inkscape:pageshadow="2"
     inkscape:window-width="640"
     inkscape:window-height="480"
     id="namedview19" />
  <defs
     id="defs10">
    <g
       id="g8">
      <symbol
         overflow="visible"
         id="glyph0-0">
        <path
           style="stroke:none"
           d=""
           id="path2" />
      </symbol>
      <symbol
         overflow="visible"
         id="glyph0-1">
        <path
           style="stroke:none"
           d="m 5.84375,0.15625 c 0.171875,-0.34375 0.328125,-0.515625 0.453125,-0.515625 0.125,0 0.265625,-0.046875 0.4375,-0.125 0.03125,-0.03125 0.078125,-0.03125 0.109375,-0.03125 0.125,0 0.25,0.140625 0.328125,0.453125 l 0.1875,-0.390625 V -0.0625 L 7.59375,-0.5 c -0.171875,-0.09375 -0.25,-0.25 -0.25,-0.453125 0,-0.328125 0.140625,-0.953125 0.984375,-0.953125 0.328125,0 0.75,0.078125 1.265625,0.234375 0,-0.40625 0.203125,-0.625 0.609375,-0.625 0.171875,0 0.359375,0.03125 0.59375,0.109375 C 10.78125,-2.28125 10.75,-2.375 10.75,-2.453125 c 0,-0.390625 0.328125,-0.65625 0.96875,-0.78125 -0.859375,-0.6875 -1.734375,-1.078125 -2.625,-1.125 l 0.203125,-0.21875 c -0.21875,0 -0.359375,0.046875 -0.390625,0.125 -0.046875,0.09375 -0.3125,0.1875 -0.796875,0.3125 -0.46875,0.109375 -0.828125,0.25 -1.078125,0.375 -0.140625,0.078125 -0.25,0.109375 -0.3125,0.109375 -0.09375,0 -0.125,-0.03125 -0.125,-0.15625 0,-0.109375 0.03125,-0.25 0.09375,-0.421875 C 6.75,-4.375 6.765625,-4.53125 6.765625,-4.703125 c -0.03125,-0.46875 -0.078125,-0.625 -0.171875,-0.625 -0.09375,0 -0.46875,0.546875 -0.75,1.046875 -0.15625,-0.296875 -0.6875,-1.015625 -0.765625,-1.015625 -0.09375,0 -0.21875,0.375 -0.21875,0.65625 0,0.171875 0.046875,0.296875 0.109375,0.40625 0.078125,0.140625 0.125,0.25 0.125,0.34375 0,0.125 -0.0625,0.1875 -0.171875,0.1875 C 4.8125,-3.703125 4.6875,-3.734375 4.53125,-3.8125 4.234375,-3.96875 3.921875,-4.0625 3.578125,-4.125 3.25,-4.1875 3.015625,-4.25 2.90625,-4.328125 2.765625,-4.421875 2.625,-4.421875 2.421875,-4.421875 L 2.6875,-4.265625 C 1.5,-4.09375 0.671875,-3.6875 0.21875,-3.0625 c 0.546875,0.015625 0.828125,0.171875 0.828125,0.484375 0,0.125 -0.046875,0.28125 -0.140625,0.453125 0.15625,-0.0625 0.3125,-0.09375 0.453125,-0.09375 0.34375,0 0.609375,0.203125 0.78125,0.609375 0.421875,-0.15625 0.78125,-0.234375 1.078125,-0.234375 0.609375,0 1.109375,0.515625 1.109375,0.984375 0,0.140625 -0.078125,0.25 -0.21875,0.328125 v 0.4375 l 0.1875,-0.265625 v 0.328125 c 0.15625,-0.28125 0.296875,-0.421875 0.421875,-0.421875 0.046875,0 0.09375,0.015625 0.109375,0.03125 0.140625,0.09375 0.28125,0.125 0.421875,0.125 0.328125,0 0.4375,0 0.59375,0.453125 z m 0,0"
           id="path5" />
      </symbol>
    </g>
  </defs>
  <g
     id="surface1"
     transform="translate(-148.93076,-129.43687)">
    <g
       style="fill:#000000;fill-opacity:1"
       id="g14">
      <use
         xlink:href="#glyph0-1"
         x="148.71201"
         y="134.765"
         id="use12"
         width="100%"
         height="100%" />
    </g>
  </g>
</svg>
