<?xml version="1.0" encoding="UTF-8" standalone="no"?>
<svg
   xmlns:dc="http://purl.org/dc/elements/1.1/"
   xmlns:cc="http://creativecommons.org/ns#"
   xmlns:rdf="http://www.w3.org/1999/02/22-rdf-syntax-ns#"
   xmlns:svg="http://www.w3.org/2000/svg"
   xmlns="http://www.w3.org/2000/svg"
   xmlns:xlink="http://www.w3.org/1999/xlink"
   xmlns:sodipodi="http://sodipodi.sourceforge.net/DTD/sodipodi-0.dtd"
   xmlns:inkscape="http://www.inkscape.org/namespaces/inkscape"
   width="64px"
   height="64px"
   viewBox="0 0 7.046875 7.1406249"
   version="1.1"
   id="svg17"
   sodipodi:docname="temp.svg">
  <metadata
     id="metadata21">
    <rdf:RDF>
      <cc:Work
         rdf:about="">
        <dc:format>image/svg+xml</dc:format>
        <dc:type
           rdf:resource="http://purl.org/dc/dcmitype/StillImage" />
      </cc:Work>
    </rdf:RDF>
  </metadata>
  <sodipodi:namedview
     pagecolor="#ffffff"
     bordercolor="#666666"
     borderopacity="1"
     objecttolerance="10"
     gridtolerance="10"
     guidetolerance="10"
     inkscape:pageopacity="0"
     inkscape:pageshadow="2"
     inkscape:window-width="640"
     inkscape:window-height="480"
     id="namedview19" />
  <defs
     id="defs10">
    <g
       id="g8">
      <symbol
         overflow="visible"
         id="glyph0-0">
        <path
           style="stroke:none"
           d=""
           id="path2" />
      </symbol>
      <symbol
         overflow="visible"
         id="glyph0-1">
        <path
           style="stroke:none"
           d="m 5.203125,-4.921875 c -0.015625,0.03125 -0.03125,0.046875 -0.03125,0.0625 0,0.03125 0.015625,0.0625 0.046875,0.078125 0.296875,0.171875 0.65625,0.34375 1.125,0.359375 -0.078125,0.65625 -0.515625,1.46875 -1.09375,2.28125 -0.34375,0.5 -0.75,1 -1.296875,1.4375 -0.421875,0.328125 -0.90625,0.5625 -1.25,0.5625 -0.78125,0 -1.125,-0.4375 -1.125,-1.0625 V -1.25 C 1.609375,-2.078125 2.171875,-3.109375 2.90625,-4.140625 3.375,-4.8125 3.875,-5.484375 4.578125,-6.0625 c 0.53125,-0.4375 1.15625,-0.78125 1.59375,-0.78125 0.640625,0 1.15625,0.140625 1.421875,0.46875 0.09375,0.109375 0.140625,0.25 0.140625,0.40625 0,0.203125 -0.078125,0.421875 -0.25,0.6875 -0.125,0.171875 -0.28125,0.34375 -0.5,0.453125 -0.078125,0.046875 -0.140625,0.09375 -0.21875,0.109375 -0.09375,-0.578125 -0.5,-0.96875 -1.25,-0.96875 -0.375,0 -0.84375,0.328125 -1.234375,0.640625 -0.546875,0.46875 -1,0.984375 -1.375,1.515625 C 2.3125,-2.6875 2.0625,-1.890625 1.96875,-1.171875 V -1.125 c 0.015625,0.03125 0.046875,0.046875 0.078125,0.046875 0,0 0.03125,0 0.03125,-0.015625 L 2.21875,-1.140625 c 0.03125,0 0.046875,-0.03125 0.046875,-0.0625 0.09375,-0.6875 0.328125,-1.4375 0.890625,-2.234375 0.359375,-0.5 0.765625,-1.015625 1.28125,-1.453125 0.359375,-0.3125 0.75,-0.578125 1.046875,-0.578125 0.59375,0 0.859375,0.328125 0.859375,0.828125 -0.390625,-0.03125 -0.671875,-0.1875 -0.984375,-0.34375 C 5.34375,-5 5.328125,-5 5.3125,-5 5.296875,-5 5.28125,-4.984375 5.25,-4.96875 Z M 7.125,-4.640625 C 7.359375,-4.78125 7.578125,-4.984375 7.71875,-5.1875 7.921875,-5.46875 8,-5.734375 8,-5.96875 8,-6.1875 7.9375,-6.375 7.8125,-6.515625 7.484375,-6.921875 6.890625,-7.0625 6.203125,-7.0625 c -0.609375,0 -1.40625,0.359375 -2.109375,0.828125 -0.84375,0.578125 -1.546875,1.28125 -2.046875,2 -0.6875,0.96875 -1.09375,1.9375 -1.09375,2.734375 0,0.09375 0,0.1875 0.015625,0.28125 0.09375,0.796875 0.6875,1.296875 1.6875,1.296875 0.46875,0 1.078125,-0.25 1.59375,-0.625 0.640625,-0.4375 1.15625,-0.953125 1.53125,-1.5 C 6.375,-2.890625 6.765625,-3.75 6.765625,-4.46875 V -4.5 c 0.125,-0.03125 0.25,-0.078125 0.359375,-0.140625 z m 0,0"
           id="path5" />
      </symbol>
    </g>
  </defs>
  <g
     id="surface1"
     transform="translate(-149.66513,-127.7025)">
    <g
       style="fill:#000000;fill-opacity:1"
       id="g14">
      <use
         xlink:href="#glyph0-1"
         x="148.71201"
         y="134.765"
         id="use12"
         width="100%"
         height="100%" />
    </g>
  </g>
</svg>
