<?xml version="1.0" encoding="UTF-8" standalone="no"?>
<svg
   xmlns:dc="http://purl.org/dc/elements/1.1/"
   xmlns:cc="http://creativecommons.org/ns#"
   xmlns:rdf="http://www.w3.org/1999/02/22-rdf-syntax-ns#"
   xmlns:svg="http://www.w3.org/2000/svg"
   xmlns="http://www.w3.org/2000/svg"
   xmlns:xlink="http://www.w3.org/1999/xlink"
   xmlns:sodipodi="http://sodipodi.sourceforge.net/DTD/sodipodi-0.dtd"
   xmlns:inkscape="http://www.inkscape.org/namespaces/inkscape"
   width="64px"
   height="64px"
   viewBox="0 0 8.90625 7.2031249"
   version="1.1"
   id="svg17"
   sodipodi:docname="temp.svg">
  <metadata
     id="metadata21">
    <rdf:RDF>
      <cc:Work
         rdf:about="">
        <dc:format>image/svg+xml</dc:format>
        <dc:type
           rdf:resource="http://purl.org/dc/dcmitype/StillImage" />
      </cc:Work>
    </rdf:RDF>
  </metadata>
  <sodipodi:namedview
     pagecolor="#ffffff"
     bordercolor="#666666"
     borderopacity="1"
     objecttolerance="10"
     gridtolerance="10"
     guidetolerance="10"
     inkscape:pageopacity="0"
     inkscape:pageshadow="2"
     inkscape:window-width="640"
     inkscape:window-height="480"
     id="namedview19" />
  <defs
     id="defs10">
    <g
       id="g8">
      <symbol
         overflow="visible"
         id="glyph0-0">
        <path
           style="stroke:none"
           d=""
           id="path2" />
      </symbol>
      <symbol
         overflow="visible"
         id="glyph0-1">
        <path
           style="stroke:none"
           d="m 6.40625,-7.0625 c -0.703125,0 -1.515625,0.1875 -2.375,0.625 -0.71875,0.359375 -1.421875,0.90625 -1.859375,1.5 -0.34375,0.484375 -0.546875,0.96875 -0.546875,1.375 0,0.078125 0.015625,0.140625 0.015625,0.1875 0.078125,0.4375 0.40625,0.6875 0.953125,0.6875 0.34375,0 0.765625,-0.109375 1.171875,-0.3125 0.375,-0.203125 0.734375,-0.484375 0.953125,-0.78125 0.390625,-0.5625 0.5625,-1.09375 0.5625,-1.546875 0,-0.09375 -0.015625,-0.1875 -0.03125,-0.28125 C 5.25,-5.65625 5.203125,-5.6875 5.15625,-5.6875 5.140625,-5.671875 5.109375,-5.65625 5.078125,-5.640625 5.046875,-5.625 5.03125,-5.609375 5.03125,-5.578125 V -5.5 c 0,0.421875 -0.40625,1 -0.828125,1.609375 C 4.015625,-3.625 3.78125,-3.375 3.484375,-3.1875 3.1875,-2.984375 2.875,-2.90625 2.625,-2.90625 c -0.4375,0 -0.6875,-0.203125 -0.734375,-0.515625 0,-0.046875 0,-0.09375 0,-0.125 0,-0.359375 0.1875,-0.8125 0.53125,-1.28125 0.390625,-0.5625 1.03125,-1.078125 1.734375,-1.4375 0.78125,-0.390625 1.5625,-0.578125 2.203125,-0.578125 0.75,0 1.390625,0.109375 1.828125,0.390625 -1.625,1.203125 -2.765625,2.828125 -3.828125,4.3125 -0.71875,1.03125 -1.78125,2.0625 -2.609375,2.0625 -0.6875,0 -1.203125,-0.1875 -1.203125,-0.578125 0,-0.09375 0.03125,-0.1875 0.078125,-0.296875 0.0625,0.109375 0.171875,0.15625 0.296875,0.15625 0.25,0 0.546875,-0.203125 0.546875,-0.390625 0,-0.25 -0.140625,-0.34375 -0.328125,-0.34375 -0.203125,0 -0.4375,0.125 -0.5625,0.296875 C 0.40625,-1 0.34375,-0.796875 0.34375,-0.625 c 0,0.53125 0.640625,0.765625 1.359375,0.765625 1.140625,0 2.703125,-1.03125 3.515625,-2.1875 0.21875,-0.3125 0.453125,-0.640625 0.703125,-0.96875 0.140625,0.046875 0.296875,0.0625 0.453125,0.0625 0.359375,0 0.796875,-0.140625 1.21875,-0.375 0.15625,0.09375 0.265625,0.234375 0.328125,0.390625 0.015625,0.078125 0.03125,0.15625 0.03125,0.25 0,0.328125 -0.171875,0.78125 -0.5,1.234375 -0.25,0.34375 -0.515625,0.671875 -0.890625,0.9375 -0.3125,0.234375 -0.65625,0.375 -0.90625,0.375 -0.328125,0 -0.546875,-0.125 -0.59375,-0.328125 -0.015625,-0.046875 -0.015625,-0.09375 -0.015625,-0.140625 0,-0.203125 0.09375,-0.453125 0.296875,-0.734375 0.125,-0.1875 0.375,-0.34375 0.609375,-0.453125 0.3125,-0.140625 0.59375,-0.1875 0.84375,-0.1875 0.03125,0 0.046875,-0.015625 0.078125,-0.03125 l 0.03125,-0.0625 c 0.015625,0 0.015625,-0.03125 0.015625,-0.046875 0,-0.03125 -0.046875,-0.078125 -0.078125,-0.078125 -0.296875,0 -0.625,0.0625 -0.96875,0.21875 -0.265625,0.125 -0.5625,0.3125 -0.71875,0.53125 -0.21875,0.3125 -0.328125,0.609375 -0.328125,0.875 0,0.0625 0,0.125 0.015625,0.1875 0.09375,0.3125 0.375,0.46875 0.765625,0.46875 0.375,0 0.828125,-0.15625 1.265625,-0.421875 0.4375,-0.265625 0.828125,-0.640625 1.09375,-1 0.296875,-0.4375 0.453125,-0.84375 0.453125,-1.203125 0,-0.171875 -0.03125,-0.34375 -0.109375,-0.484375 C 8.21875,-3.234375 8.0625,-3.390625 7.859375,-3.515625 8.28125,-3.78125 8.640625,-4.125 8.890625,-4.484375 9.140625,-4.84375 9.25,-5.171875 9.25,-5.46875 9.25,-5.796875 9.109375,-6.09375 8.875,-6.3125 8.828125,-6.375 8.78125,-6.421875 8.71875,-6.46875 8.859375,-6.59375 8.984375,-6.671875 9.09375,-6.75 9.109375,-6.765625 9.125,-6.78125 9.125,-6.8125 L 9.109375,-6.921875 c -0.015625,-0.03125 -0.046875,-0.0625 -0.09375,-0.0625 0,0 -0.03125,0 -0.03125,0.015625 L 8.46875,-6.640625 C 7.921875,-6.953125 7.203125,-7.0625 6.40625,-7.0625 Z m 0.40625,3.328125 c -0.125,0 -0.25,0 -0.390625,0.03125 0.703125,-0.96875 1.4375,-1.921875 2.046875,-2.53125 0.171875,0.171875 0.265625,0.40625 0.265625,0.671875 0,0.28125 -0.109375,0.609375 -0.375,0.984375 C 8.140625,-4.25 7.859375,-3.921875 7.5,-3.65625 7.3125,-3.703125 7.0625,-3.734375 6.8125,-3.734375 Z m -0.421875,0.4375 c 0.078125,-0.125 0.125,-0.15625 0.125,-0.15625 0.078125,-0.0625 0.171875,-0.0625 0.265625,-0.0625 0.171875,0 0.328125,0.015625 0.46875,0.046875 -0.296875,0.171875 -0.59375,0.28125 -0.828125,0.28125 -0.046875,0 -0.09375,0 -0.109375,0 0.015625,-0.03125 0.046875,-0.0625 0.078125,-0.109375 z m 0,0"
           id="path5" />
      </symbol>
    </g>
  </defs>
  <g
     id="surface1"
     transform="translate(-149.05576,-127.7025)">
    <g
       style="fill:#000000;fill-opacity:1"
       id="g14">
      <use
         xlink:href="#glyph0-1"
         x="148.71201"
         y="134.765"
         id="use12"
         width="100%"
         height="100%" />
    </g>
  </g>
</svg>
