<?xml version="1.0" encoding="UTF-8" standalone="no"?>
<svg
   xmlns:dc="http://purl.org/dc/elements/1.1/"
   xmlns:cc="http://creativecommons.org/ns#"
   xmlns:rdf="http://www.w3.org/1999/02/22-rdf-syntax-ns#"
   xmlns:svg="http://www.w3.org/2000/svg"
   xmlns="http://www.w3.org/2000/svg"
   xmlns:xlink="http://www.w3.org/1999/xlink"
   xmlns:sodipodi="http://sodipodi.sourceforge.net/DTD/sodipodi-0.dtd"
   xmlns:inkscape="http://www.inkscape.org/namespaces/inkscape"
   width="64px"
   height="64px"
   viewBox="0 0 11.640625 7.3593749"
   version="1.1"
   id="svg17"
   sodipodi:docname="temp.svg">
  <metadata
     id="metadata21">
    <rdf:RDF>
      <cc:Work
         rdf:about="">
        <dc:format>image/svg+xml</dc:format>
        <dc:type
           rdf:resource="http://purl.org/dc/dcmitype/StillImage" />
      </cc:Work>
    </rdf:RDF>
  </metadata>
  <sodipodi:namedview
     pagecolor="#ffffff"
     bordercolor="#666666"
     borderopacity="1"
     objecttolerance="10"
     gridtolerance="10"
     guidetolerance="10"
     inkscape:pageopacity="0"
     inkscape:pageshadow="2"
     inkscape:window-width="640"
     inkscape:window-height="480"
     id="namedview19" />
  <defs
     id="defs10">
    <g
       id="g8">
      <symbol
         overflow="visible"
         id="glyph0-0">
        <path
           style="stroke:none"
           d=""
           id="path2" />
      </symbol>
      <symbol
         overflow="visible"
         id="glyph0-1">
        <path
           style="stroke:none"
           d="M 7.453125,-0.453125 C 7.1875,-0.234375 6.890625,-0.0625 6.703125,-0.0625 6.28125,-0.0625 6.125,-0.3125 6.125,-0.65625 V -0.6875 c 0.015625,-0.484375 0.296875,-1.09375 0.734375,-1.703125 0.21875,-0.328125 0.375,-0.640625 0.375,-0.921875 0.296875,-0.125 0.59375,-0.3125 0.890625,-0.5 0.78125,-0.546875 1.421875,-1.21875 1.90625,-1.90625 0.421875,-0.578125 1.21875,-1.046875 1.796875,-1.046875 H 11.875 c 0.04687,0 0.09375,-0.046875 0.09375,-0.078125 0,-0.03125 -0.01563,-0.046875 -0.01563,-0.078125 -0.01563,-0.03125 -0.03125,-0.046875 -0.0625,-0.0625 -0.07813,-0.015625 -0.15625,-0.03125 -0.25,-0.03125 -0.671875,0 -1.59375,0.53125 -2.078125,1.21875 -0.4375,0.640625 -0.984375,1.265625 -1.703125,1.8125 -0.21875,0.15625 -0.4375,0.3125 -0.65625,0.421875 C 7.125,-3.765625 6.9375,-3.890625 6.65625,-3.890625 c -0.125,0 -0.25,0.046875 -0.390625,0.125 0.78125,-1.0625 1.59375,-2.109375 2.421875,-3.15625 0,-0.03125 0.015625,-0.046875 0.015625,-0.0625 L 8.671875,-7.09375 C 8.65625,-7.125 8.640625,-7.140625 8.609375,-7.140625 h -0.03125 c -0.015625,0 -0.03125,0.015625 -0.046875,0.015625 -0.5,0.484375 -0.984375,0.96875 -1.515625,1.5 -0.171875,0.234375 -0.453125,0.453125 -0.75,0.609375 -0.34375,0.1875 -0.671875,0.265625 -0.9375,0.265625 -0.125,0 -0.1875,-0.0625 -0.1875,-0.109375 0,-0.015625 -0.015625,-0.03125 -0.015625,-0.0625 0,-0.0625 0.03125,-0.15625 0.109375,-0.265625 C 5.375,-5.390625 5.4375,-5.578125 5.4375,-5.734375 c 0,-0.078125 0,-0.15625 -0.03125,-0.21875 C 5.296875,-6.1875 5.046875,-6.28125 4.75,-6.28125 c -0.234375,0 -0.5,0.203125 -0.703125,0.375 -0.3125,0.28125 -0.5625,0.578125 -0.78125,0.875 0,0 0,0.03125 0,0.046875 0,0.046875 0.03125,0.078125 0.078125,0.078125 h 0.109375 c 0.03125,0 0.046875,-0.015625 0.0625,-0.03125 0.203125,-0.28125 0.40625,-0.5625 0.6875,-0.8125 0.1875,-0.171875 0.375,-0.3125 0.5,-0.3125 0.1875,0 0.28125,0.078125 0.296875,0.1875 v 0.015625 c 0,0.140625 -0.125,0.34375 -0.28125,0.578125 -0.078125,0.09375 -0.09375,0.171875 -0.09375,0.25 0,0.109375 0.046875,0.203125 0.109375,0.28125 0.125,0.140625 0.3125,0.21875 0.546875,0.21875 0.296875,0 0.65625,-0.09375 1,-0.25 -0.765625,0.859375 -1.46875,1.75 -2.109375,2.640625 C 3.4375,-1.09375 2.515625,0 1.6875,0 1.015625,0 0.53125,-0.203125 0.53125,-0.609375 c 0,-0.09375 0.03125,-0.203125 0.09375,-0.34375 0.078125,0.109375 0.1875,0.15625 0.296875,0.15625 0.265625,0 0.5625,-0.203125 0.5625,-0.390625 0,-0.25 -0.15625,-0.34375 -0.328125,-0.34375 -0.203125,0 -0.453125,0.125 -0.5625,0.296875 -0.1875,0.25 -0.265625,0.484375 -0.265625,0.671875 0,0.515625 0.59375,0.78125 1.3125,0.78125 C 2.75,0.21875 4.21875,-0.890625 5.03125,-2.046875 5.296875,-2.40625 5.5625,-2.78125 5.828125,-3.15625 5.84375,-3.140625 5.859375,-3.125 5.875,-3.109375 c 0.078125,0.0625 0.1875,0.078125 0.28125,0.078125 0.140625,0 0.265625,-0.015625 0.40625,-0.046875 -0.109375,0.1875 -0.25,0.390625 -0.390625,0.578125 -0.40625,0.5625 -0.578125,1.109375 -0.578125,1.578125 0,0.09375 0,0.1875 0.015625,0.28125 0.078125,0.46875 0.4375,0.8125 1.046875,0.8125 0.296875,0 0.65625,-0.234375 0.9375,-0.46875 0.40625,-0.3125 0.75,-0.6875 1.015625,-1.046875 0,-0.015625 0.015625,-0.03125 0.015625,-0.046875 0,-0.0625 -0.046875,-0.078125 -0.09375,-0.078125 H 8.421875 c -0.03125,0 -0.046875,0 -0.0625,0.015625 -0.25,0.359375 -0.546875,0.703125 -0.90625,1 z M 6.375,-3.5625 c 0.078125,-0.078125 0.171875,-0.109375 0.234375,-0.109375 0.09375,0 0.125,0.046875 0.125,0.140625 0,0.03125 0,0.078125 -0.015625,0.125 0,0.03125 -0.015625,0.046875 -0.015625,0.0625 -0.1875,0.0625 -0.359375,0.09375 -0.5,0.09375 -0.0625,0 -0.109375,0 -0.109375,-0.015625 C 6.171875,-3.375 6.25,-3.484375 6.375,-3.5625 Z m 0,0"
           id="path5" />
      </symbol>
    </g>
  </defs>
  <g
     id="surface1"
     transform="translate(-149.04013,-127.62437)">
    <g
       style="fill:#000000;fill-opacity:1"
       id="g14">
      <use
         xlink:href="#glyph0-1"
         x="148.71201"
         y="134.765"
         id="use12"
         width="100%"
         height="100%" />
    </g>
  </g>
</svg>
