<?xml version="1.0" encoding="UTF-8" standalone="no"?>
<svg
   xmlns:dc="http://purl.org/dc/elements/1.1/"
   xmlns:cc="http://creativecommons.org/ns#"
   xmlns:rdf="http://www.w3.org/1999/02/22-rdf-syntax-ns#"
   xmlns:svg="http://www.w3.org/2000/svg"
   xmlns="http://www.w3.org/2000/svg"
   xmlns:xlink="http://www.w3.org/1999/xlink"
   xmlns:sodipodi="http://sodipodi.sourceforge.net/DTD/sodipodi-0.dtd"
   xmlns:inkscape="http://www.inkscape.org/namespaces/inkscape"
   width="64px"
   height="64px"
   viewBox="0 0 8.28125 7.3124999"
   version="1.1"
   id="svg17"
   sodipodi:docname="temp.svg">
  <metadata
     id="metadata21">
    <rdf:RDF>
      <cc:Work
         rdf:about="">
        <dc:format>image/svg+xml</dc:format>
        <dc:type
           rdf:resource="http://purl.org/dc/dcmitype/StillImage" />
      </cc:Work>
    </rdf:RDF>
  </metadata>
  <sodipodi:namedview
     pagecolor="#ffffff"
     bordercolor="#666666"
     borderopacity="1"
     objecttolerance="10"
     gridtolerance="10"
     guidetolerance="10"
     inkscape:pageopacity="0"
     inkscape:pageshadow="2"
     inkscape:window-width="640"
     inkscape:window-height="480"
     id="namedview19" />
  <defs
     id="defs10">
    <g
       id="g8">
      <symbol
         overflow="visible"
         id="glyph0-0">
        <path
           style="stroke:none"
           d=""
           id="path2" />
      </symbol>
      <symbol
         overflow="visible"
         id="glyph0-1">
        <path
           style="stroke:none"
           d="m 2.078125,-1.390625 c -0.25,0 -0.53125,0.03125 -0.84375,0.140625 -0.203125,0.078125 -0.4375,0.1875 -0.5625,0.359375 -0.09375,0.140625 -0.140625,0.25 -0.140625,0.359375 0,0.171875 0.109375,0.3125 0.234375,0.40625 0.28125,0.21875 0.703125,0.296875 1.171875,0.296875 0.59375,0 1.296875,-0.15625 2,-0.4375 0.546875,0.21875 1.109375,0.4375 1.859375,0.4375 0.390625,0 0.859375,-0.21875 1.28125,-0.484375 0.453125,-0.28125 0.859375,-0.640625 1.140625,-1.03125 0,-0.015625 0,-0.03125 0,-0.046875 0,-0.046875 -0.03125,-0.078125 -0.078125,-0.078125 H 8.03125 c -0.03125,0 -0.046875,0 -0.0625,0.015625 -0.21875,0.328125 -0.5625,0.625 -0.9375,0.859375 -0.375,0.21875 -0.75,0.328125 -1.046875,0.328125 C 5.4375,-0.265625 5,-0.390625 4.59375,-0.5625 4.796875,-0.671875 5,-0.78125 5.1875,-0.890625 6.34375,-1.578125 7.359375,-2.484375 8.03125,-3.4375 8.546875,-4.15625 8.8125,-4.859375 8.8125,-5.46875 c 0,-0.203125 -0.03125,-0.390625 -0.09375,-0.578125 -0.25,-0.71875 -1,-1.09375 -2.015625,-1.09375 -0.5625,0 -1.234375,0.1875 -1.921875,0.546875 -0.609375,0.328125 -1.1875,0.796875 -1.5625,1.3125 C 2.875,-4.8125 2.6875,-4.328125 2.6875,-3.921875 c 0,0.09375 0.015625,0.1875 0.03125,0.265625 0.125,0.46875 0.53125,0.71875 1.125,0.71875 0.40625,0 0.90625,-0.109375 1.40625,-0.34375 0.40625,-0.203125 0.828125,-0.5 1.0625,-0.859375 0.25,-0.328125 0.34375,-0.640625 0.34375,-0.90625 0,-0.40625 -0.203125,-0.75 -0.46875,-1 C 6.171875,-6.0625 6.15625,-6.078125 6.125,-6.078125 l -0.15625,0.0625 c -0.03125,0.03125 -0.0625,0.046875 -0.0625,0.09375 V -5.90625 L 5.9375,-5.875 c 0.15625,0.15625 0.25,0.375 0.25,0.625 0,0.28125 -0.125,0.640625 -0.390625,1.015625 -0.203125,0.28125 -0.5,0.578125 -0.84375,0.78125 -0.375,0.203125 -0.75,0.296875 -1.0625,0.296875 -0.46875,0 -0.71875,-0.21875 -0.75,-0.546875 V -3.78125 c 0,-0.390625 0.234375,-0.890625 0.609375,-1.40625 0.3125,-0.453125 0.78125,-0.90625 1.328125,-1.234375 0.5625,-0.34375 1.125,-0.5 1.59375,-0.5 0.828125,0 1.34375,0.359375 1.4375,0.953125 0.015625,0.0625 0.03125,0.140625 0.03125,0.21875 0,0.609375 -0.390625,1.40625 -0.96875,2.21875 -0.625,0.875 -1.4375,1.78125 -2.46875,2.46875 -0.171875,0.109375 -0.34375,0.21875 -0.5,0.3125 l -0.15625,-0.078125 c -0.5625,-0.28125 -1.140625,-0.5625 -1.96875,-0.5625 z m -0.8125,0.53125 L 1.375,-0.875 1.8125,-0.84375 c 0.6875,0 1.234375,0.203125 1.75,0.40625 -0.578125,0.25 -1.125,0.375 -1.59375,0.375 -0.390625,0 -0.734375,-0.046875 -0.9375,-0.21875 C 0.984375,-0.328125 0.9375,-0.40625 0.9375,-0.5 c 0,-0.078125 0.03125,-0.171875 0.109375,-0.28125 0.03125,-0.0625 0.09375,-0.0625 0.21875,-0.078125 z m 0,0"
           id="path5" />
      </symbol>
    </g>
  </defs>
  <g
     id="surface1"
     transform="translate(-149.24326,-127.62437)">
    <g
       style="fill:#000000;fill-opacity:1"
       id="g14">
      <use
         xlink:href="#glyph0-1"
         x="148.71201"
         y="134.765"
         id="use12"
         width="100%"
         height="100%" />
    </g>
  </g>
</svg>
