<?xml version="1.0" encoding="UTF-8" standalone="no"?>
<svg
   xmlns:dc="http://purl.org/dc/elements/1.1/"
   xmlns:cc="http://creativecommons.org/ns#"
   xmlns:rdf="http://www.w3.org/1999/02/22-rdf-syntax-ns#"
   xmlns:svg="http://www.w3.org/2000/svg"
   xmlns="http://www.w3.org/2000/svg"
   xmlns:xlink="http://www.w3.org/1999/xlink"
   xmlns:sodipodi="http://sodipodi.sourceforge.net/DTD/sodipodi-0.dtd"
   xmlns:inkscape="http://www.inkscape.org/namespaces/inkscape"
   width="64px"
   height="64px"
   viewBox="0 0 7.828125 7.3124999"
   version="1.1"
   id="svg17"
   sodipodi:docname="temp.svg">
  <metadata
     id="metadata21">
    <rdf:RDF>
      <cc:Work
         rdf:about="">
        <dc:format>image/svg+xml</dc:format>
        <dc:type
           rdf:resource="http://purl.org/dc/dcmitype/StillImage" />
      </cc:Work>
    </rdf:RDF>
  </metadata>
  <sodipodi:namedview
     pagecolor="#ffffff"
     bordercolor="#666666"
     borderopacity="1"
     objecttolerance="10"
     gridtolerance="10"
     guidetolerance="10"
     inkscape:pageopacity="0"
     inkscape:pageshadow="2"
     inkscape:window-width="640"
     inkscape:window-height="480"
     id="namedview19" />
  <defs
     id="defs10">
    <g
       id="g8">
      <symbol
         overflow="visible"
         id="glyph0-0">
        <path
           style="stroke:none"
           d=""
           id="path2" />
      </symbol>
      <symbol
         overflow="visible"
         id="glyph0-1">
        <path
           style="stroke:none"
           d="m 3.4375,-0.875 c -0.078125,-0.078125 -0.125,-0.171875 -0.125,-0.296875 0,-0.15625 0.0625,-0.375 0.234375,-0.609375 0.15625,-0.234375 0.359375,-0.46875 0.625,-0.65625 0.21875,-0.140625 0.4375,-0.25 0.609375,-0.25 0.34375,0 0.53125,0.171875 0.546875,0.421875 v 0.046875 c 0,0.3125 -0.203125,0.703125 -0.5,1.125 C 4.625,-0.8125 4.390625,-0.53125 4.0625,-0.328125 3.765625,-0.125 3.4375,-0.03125 3.203125,-0.03125 2.609375,-0.03125 2.34375,-0.375 2.34375,-0.859375 V -0.96875 c 0.0625,-0.75 0.625,-1.6875 1.28125,-2.59375 0.609375,-0.09375 1.265625,-0.25 1.953125,-0.53125 C 6.375,-4.390625 7.25,-4.875 7.71875,-5.546875 c 0.234375,-0.328125 0.375,-0.65625 0.375,-0.9375 0,-0.046875 0,-0.09375 -0.015625,-0.140625 -0.046875,-0.3125 -0.3125,-0.5 -0.703125,-0.5 -0.671875,0 -1.546875,0.5 -2.28125,1.0625 -0.921875,0.703125 -1.6875,1.53125 -2.28125,2.34375 -0.109375,0.015625 -0.21875,0.015625 -0.328125,0.015625 -0.71875,0 -1.3125,-0.171875 -1.59375,-0.546875 -0.078125,-0.109375 -0.125,-0.25 -0.125,-0.421875 0,-0.25 0.109375,-0.546875 0.328125,-0.859375 C 1.28125,-5.796875 1.5625,-6.0625 1.875,-6.234375 2.25,-6.4375 2.625,-6.515625 2.9375,-6.515625 2.953125,-6.515625 2.984375,-6.53125 3,-6.546875 3.015625,-6.59375 3.046875,-6.625 3.046875,-6.65625 c 0,-0.046875 -0.03125,-0.078125 -0.078125,-0.078125 -0.40625,0 -0.875,0.078125 -1.375,0.3125 -0.390625,0.1875 -0.796875,0.453125 -1.03125,0.796875 -0.21875,0.296875 -0.296875,0.59375 -0.296875,0.84375 0,0.25 0.09375,0.5 0.25,0.671875 0.40625,0.453125 1.125,0.625 1.921875,0.625 h 0.21875 c -0.578125,0.8125 -0.9375,1.640625 -0.9375,2.328125 0,0.078125 0,0.15625 0.015625,0.21875 0.0625,0.6875 0.5625,1.125 1.421875,1.125 0.359375,0 0.78125,-0.125 1.203125,-0.34375 C 4.75,-0.375 5.109375,-0.671875 5.34375,-1 c 0.265625,-0.390625 0.421875,-0.78125 0.421875,-1.109375 0,-0.078125 0,-0.140625 -0.03125,-0.21875 -0.09375,-0.375 -0.4375,-0.578125 -0.921875,-0.578125 -0.234375,0 -0.53125,0.140625 -0.78125,0.296875 -0.296875,0.21875 -0.546875,0.46875 -0.734375,0.734375 -0.171875,0.25 -0.265625,0.5 -0.265625,0.703125 0,0.1875 0.078125,0.359375 0.25,0.46875 0.015625,0 0.015625,0 0.03125,0 0,0 0.03125,0 0.03125,0 L 3.421875,-0.734375 3.453125,-0.75 c 0,-0.03125 0.015625,-0.03125 0.015625,-0.0625 0,-0.03125 -0.015625,-0.046875 -0.03125,-0.0625 z m 0.015625,0.125 c 0,-0.015625 0.015625,-0.03125 0.015625,-0.0625 0,0 0,-0.015625 -0.015625,-0.03125 0,0 0,0.015625 0,0.09375 z M 7.34375,-6.890625 c 0.296875,0 0.453125,0.125 0.484375,0.328125 v 0.09375 c 0,0.234375 -0.125,0.515625 -0.34375,0.84375 -0.4375,0.59375 -1.25,1.0625 -2.015625,1.359375 -0.578125,0.21875 -1.140625,0.375 -1.671875,0.453125 C 4.3125,-4.53125 4.859375,-5.25 5.609375,-5.90625 6.1875,-6.421875 6.84375,-6.890625 7.34375,-6.890625 Z m 0,0"
           id="path5" />
      </symbol>
    </g>
  </defs>
  <g
     id="surface1"
     transform="translate(-148.97763,-127.64)">
    <g
       style="fill:#000000;fill-opacity:1"
       id="g14">
      <use
         xlink:href="#glyph0-1"
         x="148.71201"
         y="134.765"
         id="use12"
         width="100%"
         height="100%" />
    </g>
  </g>
</svg>
