<?xml version="1.0" encoding="UTF-8" standalone="no"?>
<svg
   xmlns:dc="http://purl.org/dc/elements/1.1/"
   xmlns:cc="http://creativecommons.org/ns#"
   xmlns:rdf="http://www.w3.org/1999/02/22-rdf-syntax-ns#"
   xmlns:svg="http://www.w3.org/2000/svg"
   xmlns="http://www.w3.org/2000/svg"
   xmlns:xlink="http://www.w3.org/1999/xlink"
   xmlns:sodipodi="http://sodipodi.sourceforge.net/DTD/sodipodi-0.dtd"
   xmlns:inkscape="http://www.inkscape.org/namespaces/inkscape"
   width="64px"
   height="64px"
   viewBox="0 0 8.859375 7.3124999"
   version="1.1"
   id="svg17"
   sodipodi:docname="temp.svg">
  <metadata
     id="metadata21">
    <rdf:RDF>
      <cc:Work
         rdf:about="">
        <dc:format>image/svg+xml</dc:format>
        <dc:type
           rdf:resource="http://purl.org/dc/dcmitype/StillImage" />
      </cc:Work>
    </rdf:RDF>
  </metadata>
  <sodipodi:namedview
     pagecolor="#ffffff"
     bordercolor="#666666"
     borderopacity="1"
     objecttolerance="10"
     gridtolerance="10"
     guidetolerance="10"
     inkscape:pageopacity="0"
     inkscape:pageshadow="2"
     inkscape:window-width="640"
     inkscape:window-height="480"
     id="namedview19" />
  <defs
     id="defs10">
    <g
       id="g8">
      <symbol
         overflow="visible"
         id="glyph0-0">
        <path
           style="stroke:none"
           d=""
           id="path2" />
      </symbol>
      <symbol
         overflow="visible"
         id="glyph0-1">
        <path
           style="stroke:none"
           d="M 6.09375,-3.640625 H 5.875 c 0.578125,-0.9375 1.234375,-1.90625 2.203125,-2.65625 0.15625,0.171875 0.25,0.390625 0.25,0.65625 0,0.296875 -0.125,0.65625 -0.40625,1.0625 C 7.6875,-4.25 7.34375,-3.921875 6.9375,-3.71875 c -0.125,0.0625 -0.265625,0.125 -0.390625,0.1875 C 6.4375,-3.59375 6.28125,-3.640625 6.09375,-3.640625 Z m -1.171875,0.21875 C 4.609375,-2.984375 4.3125,-2.5625 4.015625,-2.140625 3.296875,-1.125 2.25,-0.109375 1.40625,-0.109375 c -0.65625,0 -1.125,-0.1875 -1.125,-0.5625 0,-0.0625 0.015625,-0.140625 0.046875,-0.21875 0.078125,0.0625 0.15625,0.078125 0.25,0.078125 C 0.84375,-0.8125 1.125,-1 1.125,-1.1875 c 0,-0.25 -0.140625,-0.34375 -0.328125,-0.34375 -0.203125,0 -0.453125,0.125 -0.578125,0.296875 C 0.0625,-1 -0.015625,-0.8125 -0.015625,-0.640625 c 0,0.515625 0.65625,0.75 1.375,0.75 1.15625,0 2.703125,-1 3.5,-2.15625 0.25,-0.328125 0.46875,-0.703125 0.75,-1.09375 0.203125,0 0.4375,-0.015625 0.671875,-0.0625 0,0.015625 0,0.0625 -0.015625,0.109375 -0.03125,0.1875 -0.265625,0.546875 -0.5,0.875 l -0.8125,1.125 C 4.84375,-0.953125 4.8125,-0.796875 4.8125,-0.671875 4.8125,-0.5 4.890625,-0.34375 5,-0.234375 5.140625,-0.0625 5.34375,0.03125 5.578125,0.078125 5.65625,0.125 5.78125,0.171875 5.90625,0.171875 c 0.1875,0 0.40625,-0.109375 0.609375,-0.234375 0.125,-0.078125 0.25,-0.171875 0.375,-0.25 0.40625,-0.3125 0.734375,-0.671875 1,-1.03125 0,-0.015625 0.015625,-0.03125 0.015625,-0.046875 0,-0.03125 -0.015625,-0.0625 -0.046875,-0.078125 0,0 -0.03125,0 -0.046875,0 H 7.703125 c -0.03125,0 -0.046875,0 -0.0625,0.015625 -0.25,0.359375 -0.5625,0.71875 -0.9375,1.03125 -0.09375,0.078125 -0.1875,0.15625 -0.28125,0.21875 C 6.25,-0.109375 6.09375,-0.0625 5.953125,-0.0625 c -0.109375,0 -0.21875,0 -0.3125,-0.015625 C 5.59375,-0.125 5.5625,-0.1875 5.546875,-0.265625 c 0,-0.015625 0,-0.03125 0,-0.0625 C 5.546875,-0.515625 5.640625,-0.75 5.8125,-1 l 0.75,-1.046875 c 0.21875,-0.3125 0.328125,-0.640625 0.328125,-0.90625 0,-0.0625 0,-0.125 -0.015625,-0.1875 C 6.859375,-3.21875 6.828125,-3.296875 6.78125,-3.359375 6.921875,-3.40625 7.0625,-3.453125 7.21875,-3.53125 7.6875,-3.765625 8.171875,-4.09375 8.4375,-4.484375 8.71875,-4.875 8.84375,-5.234375 8.84375,-5.546875 8.84375,-5.875 8.71875,-6.15625 8.515625,-6.375 8.46875,-6.4375 8.421875,-6.46875 8.375,-6.515625 L 8.734375,-6.75 c 0.03125,-0.015625 0.03125,-0.03125 0.03125,-0.0625 L 8.75,-6.921875 c 0,-0.03125 -0.0625,-0.0625 -0.09375,-0.0625 0,0 -0.015625,0 -0.015625,0.015625 C 8.46875,-6.875 8.3125,-6.78125 8.171875,-6.671875 7.640625,-7.015625 6.90625,-7.140625 6.09375,-7.140625 5.40625,-7.140625 4.5625,-6.9375 3.71875,-6.5 2.96875,-6.109375 2.25,-5.546875 1.8125,-4.9375 1.46875,-4.453125 1.25,-3.953125 1.25,-3.53125 c 0,0.0625 0,0.109375 0.015625,0.171875 0.0625,0.421875 0.40625,0.703125 0.953125,0.703125 0.296875,0 0.65625,-0.125 0.984375,-0.328125 C 3.5625,-3.203125 3.875,-3.484375 4.09375,-3.78125 4.484375,-4.359375 4.9375,-5 4.9375,-5.515625 V -5.625 C 4.921875,-5.65625 4.890625,-5.6875 4.84375,-5.6875 L 4.6875,-5.625 c -0.03125,0 -0.046875,0.03125 -0.046875,0.0625 V -5.5 c 0,0.421875 -0.796875,1.203125 -1.078125,1.609375 C 3.375,-3.625 3.1875,-3.375 2.90625,-3.15625 2.6875,-2.984375 2.4375,-2.875 2.25,-2.875 c -0.453125,0 -0.6875,-0.203125 -0.71875,-0.53125 l -0.015625,-0.125 c 0,-0.359375 0.203125,-0.8125 0.546875,-1.296875 0.40625,-0.578125 1.0625,-1.125 1.78125,-1.484375 0.796875,-0.421875 1.5625,-0.609375 2.21875,-0.609375 0.75,0 1.40625,0.140625 1.828125,0.4375 C 6.734375,-5.65625 5.84375,-4.625 5.046875,-3.5625 5.015625,-3.5625 5,-3.5625 4.96875,-3.53125 4.9375,-3.484375 4.921875,-3.453125 4.921875,-3.421875 Z M 6.0625,-3.40625 H 6.09375 C 5.953125,-3.375 5.828125,-3.375 5.703125,-3.359375 5.71875,-3.375 5.71875,-3.40625 5.734375,-3.40625 Z m 0,0"
           id="path5" />
      </symbol>
    </g>
  </defs>
  <g
     id="surface1"
     transform="translate(-148.69638,-127.62437)">
    <g
       style="fill:#000000;fill-opacity:1"
       id="g14">
      <use
         xlink:href="#glyph0-1"
         x="148.71201"
         y="134.765"
         id="use12"
         width="100%"
         height="100%" />
    </g>
  </g>
</svg>
