<?xml version="1.0" encoding="UTF-8" standalone="no"?>
<svg
   xmlns:dc="http://purl.org/dc/elements/1.1/"
   xmlns:cc="http://creativecommons.org/ns#"
   xmlns:rdf="http://www.w3.org/1999/02/22-rdf-syntax-ns#"
   xmlns:svg="http://www.w3.org/2000/svg"
   xmlns="http://www.w3.org/2000/svg"
   xmlns:xlink="http://www.w3.org/1999/xlink"
   xmlns:sodipodi="http://sodipodi.sourceforge.net/DTD/sodipodi-0.dtd"
   xmlns:inkscape="http://www.inkscape.org/namespaces/inkscape"
   width="64px"
   height="64px"
   viewBox="0 0 11.959869 7.3593749"
   version="1.1"
   id="svg22"
   sodipodi:docname="temp.svg">
  <metadata
     id="metadata26">
    <rdf:RDF>
      <cc:Work
         rdf:about="">
        <dc:format>image/svg+xml</dc:format>
        <dc:type
           rdf:resource="http://purl.org/dc/dcmitype/StillImage" />
      </cc:Work>
    </rdf:RDF>
  </metadata>
  <sodipodi:namedview
     pagecolor="#ffffff"
     bordercolor="#666666"
     borderopacity="1"
     objecttolerance="10"
     gridtolerance="10"
     guidetolerance="10"
     inkscape:pageopacity="0"
     inkscape:pageshadow="2"
     inkscape:window-width="640"
     inkscape:window-height="480"
     id="namedview24" />
  <defs
     id="defs13">
    <g
       id="g8">
      <symbol
         overflow="visible"
         id="glyph0-0">
        <path
           style="stroke:none"
           d=""
           id="path2" />
      </symbol>
      <symbol
         overflow="visible"
         id="glyph0-1">
        <path
           style="stroke:none"
           d="m 9.171875,-1.390625 c 0,-0.0625 -0.046875,-0.078125 -0.078125,-0.078125 H 8.984375 c -0.03125,0 -0.0625,0 -0.078125,0.015625 -0.46875,0.671875 -1.09375,1.3125 -1.59375,1.3125 -0.390625,0 -0.5625,-0.1875 -0.5625,-0.5 0,-0.484375 0.390625,-1.265625 0.984375,-2.09375 0.234375,-0.34375 0.484375,-0.6875 0.734375,-1.03125 C 9.796875,-3.84375 11.125,-4.125 11.875,-5.1875 c 0.3125,-0.4375 0.484375,-0.890625 0.484375,-1.234375 0,-0.375 -0.203125,-0.640625 -0.703125,-0.640625 -1.421875,0 -2.78125,1.515625 -3.96875,3.109375 H 6.40625 c 0.734375,-0.984375 1.5,-1.984375 2.28125,-2.96875 0.015625,-0.03125 0.015625,-0.0625 0.015625,-0.09375 L 8.671875,-7.09375 C 8.65625,-7.125 8.640625,-7.140625 8.59375,-7.140625 c -0.015625,0 -0.046875,0 -0.0625,0.015625 -0.5,0.484375 -0.984375,0.96875 -1.515625,1.5 -0.375,0.515625 -1.140625,0.875 -1.6875,0.875 -0.125,0 -0.203125,-0.0625 -0.203125,-0.171875 0,-0.0625 0.03125,-0.15625 0.125,-0.265625 0.140625,-0.203125 0.203125,-0.390625 0.203125,-0.546875 0,-0.34375 -0.265625,-0.546875 -0.703125,-0.546875 -0.515625,0 -1.0625,0.65625 -1.4375,1.171875 0,0.015625 0,0.03125 0,0.046875 0,0.046875 0.03125,0.09375 0.078125,0.09375 H 3.5 c 0.03125,0 0.046875,-0.03125 0.0625,-0.046875 0.390625,-0.53125 0.765625,-1.046875 1.140625,-1.046875 0.15625,0 0.25,0.09375 0.25,0.234375 0,0.140625 -0.078125,0.3125 -0.234375,0.546875 -0.09375,0.125 -0.140625,0.234375 -0.140625,0.34375 0,0.265625 0.34375,0.40625 0.71875,0.40625 0.28125,0 0.640625,-0.078125 0.96875,-0.234375 -0.25,0.296875 -0.5,0.578125 -0.75,0.875 -1.140625,0.109375 -2.25,0.4375 -2.9375,1.390625 L 2.5625,-2.4375 c 0,0.03125 0.03125,0.078125 0.078125,0.078125 H 2.75 c 0.03125,0 0.0625,-0.015625 0.078125,-0.03125 0.578125,-0.8125 1.5,-1.140625 2.5,-1.265625 -0.40625,0.5 -0.796875,1 -1.15625,1.515625 C 3.4375,-1.09375 2.515625,0 1.6875,0 1.015625,0 0.53125,-0.203125 0.53125,-0.609375 c 0,-0.09375 0.03125,-0.203125 0.09375,-0.34375 0.078125,0.109375 0.1875,0.15625 0.296875,0.15625 0.265625,0 0.5625,-0.203125 0.5625,-0.390625 0,-0.25 -0.15625,-0.34375 -0.328125,-0.34375 -0.203125,0 -0.453125,0.125 -0.5625,0.296875 -0.1875,0.25 -0.265625,0.484375 -0.265625,0.671875 0,0.515625 0.59375,0.78125 1.3125,0.78125 1.109375,0 2.578125,-1.109375 3.390625,-2.265625 0.40625,-0.5625 0.796875,-1.109375 1.203125,-1.671875 0.234375,-0.015625 0.46875,-0.015625 0.6875,-0.015625 H 7.53125 C 7.3125,-3.421875 7.09375,-3.125 6.890625,-2.84375 6.40625,-2.15625 6.125,-1.46875 6.125,-0.9375 c 0,0.609375 0.359375,1.015625 1.15625,1.015625 0.640625,0 1.390625,-0.75 1.875,-1.421875 0.015625,-0.015625 0.015625,-0.03125 0.015625,-0.046875 z m 2.4375,-5.453125 c 0.328125,0 0.5,0.171875 0.5,0.453125 0,0.28125 -0.171875,0.671875 -0.484375,1.109375 -0.65625,0.90625 -1.78125,1.1875 -2.984375,1.296875 1.09375,-1.515625 2.21875,-2.859375 2.96875,-2.859375 z m 0,0"
           id="path5" />
      </symbol>
    </g>
    <clipPath
       id="clip1">
      <path
         d="m 149,127 h 12 v 8 h -12 z m 0,0"
         id="path10" />
    </clipPath>
  </defs>
  <g
     id="surface1"
     transform="translate(-149.04013,-127.62437)">
    <g
       clip-path="url(#clip1)"
       clip-rule="nonzero"
       id="g19">
      <g
         style="fill:#000000;fill-opacity:1"
         id="g17">
        <use
           xlink:href="#glyph0-1"
           x="148.71201"
           y="134.765"
           id="use15"
           width="100%"
           height="100%" />
      </g>
    </g>
  </g>
</svg>
