<?xml version="1.0" encoding="UTF-8" standalone="no"?>
<svg
   xmlns:dc="http://purl.org/dc/elements/1.1/"
   xmlns:cc="http://creativecommons.org/ns#"
   xmlns:rdf="http://www.w3.org/1999/02/22-rdf-syntax-ns#"
   xmlns:svg="http://www.w3.org/2000/svg"
   xmlns="http://www.w3.org/2000/svg"
   xmlns:xlink="http://www.w3.org/1999/xlink"
   xmlns:sodipodi="http://sodipodi.sourceforge.net/DTD/sodipodi-0.dtd"
   xmlns:inkscape="http://www.inkscape.org/namespaces/inkscape"
   width="64px"
   height="64px"
   viewBox="0 0 9.8125 7.3124999"
   version="1.1"
   id="svg17"
   sodipodi:docname="temp.svg">
  <metadata
     id="metadata21">
    <rdf:RDF>
      <cc:Work
         rdf:about="">
        <dc:format>image/svg+xml</dc:format>
        <dc:type
           rdf:resource="http://purl.org/dc/dcmitype/StillImage" />
      </cc:Work>
    </rdf:RDF>
  </metadata>
  <sodipodi:namedview
     pagecolor="#ffffff"
     bordercolor="#666666"
     borderopacity="1"
     objecttolerance="10"
     gridtolerance="10"
     guidetolerance="10"
     inkscape:pageopacity="0"
     inkscape:pageshadow="2"
     inkscape:window-width="640"
     inkscape:window-height="480"
     id="namedview19" />
  <defs
     id="defs10">
    <g
       id="g8">
      <symbol
         overflow="visible"
         id="glyph0-0">
        <path
           style="stroke:none"
           d=""
           id="path2" />
      </symbol>
      <symbol
         overflow="visible"
         id="glyph0-1">
        <path
           style="stroke:none"
           d="m 3.203125,0.046875 c 0,0 -0.015625,0.015625 -0.015625,0.03125 0,0.046875 0.046875,0.09375 0.078125,0.09375 H 3.375 c 0.03125,0 0.046875,-0.015625 0.0625,-0.03125 1.234375,-1.25 3.0625,-2.25 4.015625,-3.578125 1.0625,-1.515625 1.34375,-2.578125 2.765625,-3.15625 0.01563,-0.015625 0.04687,-0.046875 0.04687,-0.078125 l 0.01563,-0.25 c 0,-0.03125 -0.03125,-0.0625 -0.0625,-0.0625 -0.01563,0 -0.03125,0 -0.04687,0.015625 -1.59375,0.65625 -1.40625,1.203125 -2.96875,3.4375 C 6.46875,-2.515625 5.1875,-1.6875 4.09375,-0.765625 c 0.71875,-1.03125 1.515625,-2.1875 1.78125,-2.6875 0.640625,-1.1875 0.9375,-2.34375 1.796875,-3.5625 C 7.6875,-7.03125 7.6875,-7.046875 7.6875,-7.0625 c 0,-0.03125 -0.03125,-0.078125 -0.078125,-0.078125 H 7.5 c -0.015625,0 -0.046875,0 -0.0625,0.015625 -1.578125,1.625 -2.953125,3.28125 -4.390625,4.9375 0.25,-0.4375 0.453125,-0.859375 0.625,-1.265625 0.46875,-1.21875 1.140625,-2.890625 1.78125,-3.5625 0.015625,0 0.03125,-0.015625 0.03125,-0.046875 0,-0.03125 -0.015625,-0.046875 -0.03125,-0.0625 C 5.4375,-7.140625 5.40625,-7.140625 5.390625,-7.140625 H 5.28125 c -0.015625,0 -0.03125,0 -0.0625,0.015625 -0.640625,0.65625 -1.15625,1.328125 -1.59375,2 -0.359375,0.234375 -0.78125,0.375 -1.125,0.375 -0.15625,0 -0.25,-0.0625 -0.25,-0.171875 0,-0.0625 0.046875,-0.15625 0.140625,-0.25 C 2.609375,-5.390625 2.6875,-5.578125 2.6875,-5.75 c 0,-0.3125 -0.3125,-0.53125 -0.78125,-0.53125 -0.515625,0 -1.046875,0.65625 -1.421875,1.171875 0,0.015625 -0.015625,0.03125 -0.015625,0.046875 0,0.046875 0.046875,0.09375 0.078125,0.09375 h 0.125 c 0.015625,0 0.046875,-0.015625 0.0625,-0.046875 C 1.109375,-5.546875 1.5,-6.0625 1.875,-6.0625 c 0.1875,0 0.296875,0.09375 0.296875,0.234375 0,0.140625 -0.09375,0.328125 -0.28125,0.53125 C 1.75,-5.15625 1.6875,-5.03125 1.6875,-4.921875 c 0,0.25 0.375,0.390625 0.765625,0.390625 0.28125,0 0.625,-0.078125 0.953125,-0.21875 -0.25,0.40625 -0.453125,0.828125 -0.609375,1.234375 C 2.3125,-2.3125 1.640625,-0.640625 1,0.03125 0.984375,0.046875 0.984375,0.0625 0.984375,0.078125 c 0,0.03125 0,0.046875 0.015625,0.0625 0.015625,0.015625 0.03125,0.03125 0.0625,0.03125 h 0.109375 c 0.03125,0 0.046875,-0.015625 0.0625,-0.03125 1.140625,-1.171875 2.1875,-2.375 3.21875,-3.578125 0.640625,-0.75 1.28125,-1.5 1.953125,-2.234375 C 5.796875,-4.796875 5.21875,-3.9375 5,-3.53125 4.359375,-2.328125 4.0625,-1.171875 3.203125,0.046875 Z m 0,0"
           id="path5" />
      </symbol>
    </g>
  </defs>
  <g
     id="surface1"
     transform="translate(-149.18076,-127.62437)">
    <g
       style="fill:#000000;fill-opacity:1"
       id="g14">
      <use
         xlink:href="#glyph0-1"
         x="148.71201"
         y="134.765"
         id="use12"
         width="100%"
         height="100%" />
    </g>
  </g>
</svg>
