<?xml version="1.0" encoding="UTF-8" standalone="no"?>
<svg
   xmlns:dc="http://purl.org/dc/elements/1.1/"
   xmlns:cc="http://creativecommons.org/ns#"
   xmlns:rdf="http://www.w3.org/1999/02/22-rdf-syntax-ns#"
   xmlns:svg="http://www.w3.org/2000/svg"
   xmlns="http://www.w3.org/2000/svg"
   xmlns:xlink="http://www.w3.org/1999/xlink"
   xmlns:sodipodi="http://sodipodi.sourceforge.net/DTD/sodipodi-0.dtd"
   xmlns:inkscape="http://www.inkscape.org/namespaces/inkscape"
   width="64px"
   height="64px"
   viewBox="0 0 6.0654297 4.7364267"
   version="1.1"
   id="svg17"
   sodipodi:docname="temp.svg">
  <metadata
     id="metadata21">
    <rdf:RDF>
      <cc:Work
         rdf:about="">
        <dc:format>image/svg+xml</dc:format>
        <dc:type
           rdf:resource="http://purl.org/dc/dcmitype/StillImage" />
      </cc:Work>
    </rdf:RDF>
  </metadata>
  <sodipodi:namedview
     pagecolor="#ffffff"
     bordercolor="#666666"
     borderopacity="1"
     objecttolerance="10"
     gridtolerance="10"
     guidetolerance="10"
     inkscape:pageopacity="0"
     inkscape:pageshadow="2"
     inkscape:window-width="640"
     inkscape:window-height="480"
     id="namedview19" />
  <defs
     id="defs10">
    <g
       id="g8">
      <symbol
         overflow="visible"
         id="glyph0-0">
        <path
           style="stroke:none"
           d=""
           id="path2" />
      </symbol>
      <symbol
         overflow="visible"
         id="glyph0-1">
        <path
           style="stroke:none"
           d="m 0.953125,-3.875 c 0.109375,-0.109375 0.21875,-0.1875 0.375,-0.25 0.125,-0.046875 0.25,-0.078125 0.375,-0.109375 0.4375,-0.0625 0.984375,-0.125 1.34375,0.234375 0.03125,0.046875 0.078125,0.09375 0.109375,0.15625 0.265625,0.484375 0.03125,1.171875 -0.5,1.34375 -0.1875,0.0625 -0.375,0.03125 -0.546875,0.0625 -0.078125,0 -0.171875,0 -0.171875,0.109375 0,0.046875 0.03125,0.078125 0.078125,0.09375 0.09375,0.03125 0.203125,0.015625 0.296875,0.015625 0.375,0 0.765625,0.15625 0.953125,0.5 0.078125,0.140625 0.125,0.296875 0.140625,0.46875 C 3.4375,-0.8125 3.265625,-0.375 2.828125,-0.171875 2.453125,0 1.984375,-0.0625 1.59375,-0.203125 1.34375,-0.296875 1.109375,-0.421875 0.890625,-0.59375 0.828125,-0.65625 0.75,-0.71875 0.6875,-0.78125 0.65625,-0.828125 0.625,-0.890625 0.5625,-0.890625 0.453125,-0.921875 0.40625,-0.796875 0.421875,-0.71875 0.4375,-0.671875 0.46875,-0.625 0.5,-0.59375 0.5625,-0.53125 0.625,-0.484375 0.671875,-0.421875 1.296875,0.125 2.15625,0.3125 2.953125,0.140625 3.28125,0.0625 3.625,-0.0625 3.875,-0.296875 3.984375,-0.421875 4.09375,-0.53125 4.171875,-0.6875 4.21875,-0.78125 4.25,-0.875 4.265625,-0.96875 4.28125,-1.0625 4.296875,-1.140625 4.28125,-1.21875 4.25,-1.671875 3.875,-1.96875 3.515625,-2.15625 3.375,-2.234375 3.21875,-2.296875 3.0625,-2.328125 3.15625,-2.34375 3.234375,-2.375 3.3125,-2.40625 c 0.3125,-0.109375 0.625,-0.296875 0.765625,-0.609375 0.03125,-0.078125 0.0625,-0.1875 0.0625,-0.28125 0,-0.0625 -0.015625,-0.140625 0.03125,-0.1875 0.046875,-0.078125 0.171875,-0.125 0.234375,-0.171875 0.171875,-0.125 0.375,-0.234375 0.546875,-0.359375 V -3.125 c 0,0.109375 -0.015625,0.21875 0,0.328125 0.015625,0.140625 0.09375,0.28125 0.1875,0.390625 0.375,0.390625 1.09375,0.296875 1.296875,-0.203125 C 6.46875,-2.6875 6.484375,-2.78125 6.484375,-2.875 6.46875,-2.96875 6.328125,-3.015625 6.265625,-2.9375 c -0.03125,0.03125 -0.03125,0.09375 -0.03125,0.140625 -0.015625,0.0625 -0.03125,0.109375 -0.0625,0.15625 -0.140625,0.265625 -0.5,0.359375 -0.703125,0.125 C 5.328125,-2.6875 5.328125,-2.859375 5.328125,-3.0625 v -1.15625 c 0,-0.046875 0.015625,-0.09375 -0.015625,-0.140625 -0.03125,-0.0625 -0.09375,-0.0625 -0.140625,-0.0625 -0.046875,0 -0.09375,0 -0.140625,0.015625 -0.078125,0.015625 -0.125,0.0625 -0.1875,0.09375 C 4.734375,-4.234375 4.625,-4.15625 4.515625,-4.09375 4.359375,-3.984375 4.203125,-3.875 4.03125,-3.765625 3.890625,-4.03125 3.65625,-4.203125 3.390625,-4.3125 2.828125,-4.578125 2.140625,-4.578125 1.546875,-4.453125 1.234375,-4.375 0.921875,-4.25 0.734375,-4 0.59375,-3.84375 0.515625,-3.609375 0.5625,-3.40625 c 0.046875,0.25 0.3125,0.359375 0.546875,0.265625 0.21875,-0.09375 0.28125,-0.40625 0.125,-0.59375 C 1.171875,-3.828125 1.0625,-3.875 0.953125,-3.875 Z m 0,0"
           id="path5" />
      </symbol>
    </g>
  </defs>
  <g
     id="surface1"
     transform="translate(-149.13095,-130.23085)">
    <g
       style="fill:#000000;fill-opacity:1"
       id="g14">
      <use
         xlink:href="#glyph0-1"
         x="148.71201"
         y="134.765"
         id="use12"
         width="100%"
         height="100%" />
    </g>
  </g>
</svg>
