<?xml version="1.0" encoding="UTF-8" standalone="no"?>
<svg
   xmlns:dc="http://purl.org/dc/elements/1.1/"
   xmlns:cc="http://creativecommons.org/ns#"
   xmlns:rdf="http://www.w3.org/1999/02/22-rdf-syntax-ns#"
   xmlns:svg="http://www.w3.org/2000/svg"
   xmlns="http://www.w3.org/2000/svg"
   xmlns:xlink="http://www.w3.org/1999/xlink"
   xmlns:sodipodi="http://sodipodi.sourceforge.net/DTD/sodipodi-0.dtd"
   xmlns:inkscape="http://www.inkscape.org/namespaces/inkscape"
   width="64px"
   height="64px"
   viewBox="0 0 6.5392437 8.9611824"
   version="1.1"
   id="svg17"
   sodipodi:docname="temp.svg">
  <metadata
     id="metadata21">
    <rdf:RDF>
      <cc:Work
         rdf:about="">
        <dc:format>image/svg+xml</dc:format>
        <dc:type
           rdf:resource="http://purl.org/dc/dcmitype/StillImage" />
      </cc:Work>
    </rdf:RDF>
  </metadata>
  <sodipodi:namedview
     pagecolor="#ffffff"
     bordercolor="#666666"
     borderopacity="1"
     objecttolerance="10"
     gridtolerance="10"
     guidetolerance="10"
     inkscape:pageopacity="0"
     inkscape:pageshadow="2"
     inkscape:window-width="640"
     inkscape:window-height="480"
     id="namedview19" />
  <defs
     id="defs10">
    <g
       id="g8">
      <symbol
         overflow="visible"
         id="glyph0-0">
        <path
           style="stroke:none"
           d=""
           id="path2" />
      </symbol>
      <symbol
         overflow="visible"
         id="glyph0-1">
        <path
           style="stroke:none"
           d="m 2.53125,-6.8125 v 0.296875 c 0.15625,0 0.296875,0 0.453125,0.03125 0.09375,0.015625 0.171875,0.046875 0.21875,0.109375 0.0625,0.0625 0.09375,0.140625 0.09375,0.21875 C 3.3125,-6 3.3125,-5.84375 3.3125,-5.6875 v 1.78125 H 3.296875 C 3.234375,-4.03125 3.125,-4.109375 3.015625,-4.203125 2.375,-4.65625 1.484375,-4.34375 0.984375,-3.828125 0.1875,-3.03125 0.125,-1.6875 0.734375,-0.765625 1.125,-0.140625 1.984375,0.328125 2.71875,0 2.953125,-0.109375 3.125,-0.265625 3.296875,-0.453125 c 0.046875,0.0625 0.140625,0.078125 0.1875,0 0.046875,-0.078125 0.046875,-0.171875 0.09375,-0.25 0.078125,-0.15625 0.15625,-0.28125 0.265625,-0.40625 0.046875,-0.0625 0.109375,-0.15625 0.171875,-0.171875 0.0625,-0.03125 0.140625,-0.015625 0.203125,0 0.09375,0 0.171875,0 0.265625,0.015625 C 5,-1.203125 5.5625,-1 5.84375,-0.515625 6.015625,-0.21875 6.03125,0.125 6.015625,0.453125 5.984375,0.84375 5.90625,1.21875 5.625,1.5 5.484375,1.65625 5.296875,1.765625 5.078125,1.796875 c -0.21875,0.03125 -0.4375,0 -0.65625,-0.03125 C 4.09375,1.6875 3.78125,1.5625 3.578125,1.3125 c 0.078125,0 0.140625,0 0.203125,-0.03125 C 3.828125,1.25 3.875,1.21875 3.921875,1.171875 4.078125,0.984375 4.0625,0.671875 3.875,0.515625 3.78125,0.4375 3.671875,0.40625 3.5625,0.40625 3.5,0.40625 3.421875,0.421875 3.375,0.4375 2.984375,0.625 3.09375,1.125 3.28125,1.40625 3.3125,1.46875 3.375,1.515625 3.421875,1.5625 3.59375,1.75 3.84375,1.84375 4.078125,1.921875 4.59375,2.078125 5.203125,2.09375 5.71875,1.875 5.9375,1.78125 6.15625,1.640625 6.34375,1.453125 6.75,1.03125 6.953125,0.421875 6.828125,-0.15625 6.765625,-0.40625 6.65625,-0.65625 6.484375,-0.875 6.046875,-1.453125 5.3125,-1.765625 4.59375,-1.828125 5.1875,-2.390625 5.765625,-2.953125 6.375,-3.515625 6.4375,-3.5625 6.484375,-3.625 6.5625,-3.6875 6.625,-3.734375 6.703125,-3.796875 6.734375,-3.875 6.765625,-3.9375 6.75,-4.015625 6.75,-4.078125 6.75,-4.140625 6.765625,-4.203125 6.734375,-4.25 6.6875,-4.3125 6.59375,-4.3125 6.546875,-4.3125 h -2.5625 v -2.609375 z m 1.453125,5.203125 V -3.71875 H 6.21875 l -0.5,0.484375 -0.875,0.8125 L 4.3125,-1.90625 Z M 1.171875,-1.8125 c -0.03125,-0.234375 0,-0.453125 0,-0.6875 0.03125,-0.515625 0.125,-1.03125 0.515625,-1.421875 C 1.96875,-4.1875 2.390625,-4.28125 2.75,-4.09375 c 0.125,0.0625 0.25,0.171875 0.34375,0.28125 0.0625,0.09375 0.171875,0.21875 0.1875,0.34375 0.015625,0.0625 0,0.15625 0,0.21875 v 2.0625 c 0,0.078125 0.015625,0.171875 0,0.25 C 3.265625,-0.875 3.234375,-0.828125 3.203125,-0.78125 2.984375,-0.359375 2.515625,0 2.03125,-0.15625 1.953125,-0.171875 1.875,-0.203125 1.8125,-0.25 1.703125,-0.328125 1.609375,-0.421875 1.53125,-0.53125 1.328125,-0.796875 1.234375,-1.109375 1.203125,-1.421875 1.1875,-1.5625 1.1875,-1.6875 1.171875,-1.8125 Z m 0,0"
           id="path5" />
      </symbol>
    </g>
  </defs>
  <g
     id="surface1"
     transform="translate(-149.03752,-127.84312)">
    <g
       style="fill:#000000;fill-opacity:1"
       id="g14">
      <use
         xlink:href="#glyph0-1"
         x="148.71201"
         y="134.765"
         id="use12"
         width="100%"
         height="100%" />
    </g>
  </g>
</svg>
