<?xml version="1.0" encoding="UTF-8" standalone="no"?>
<svg
   xmlns:dc="http://purl.org/dc/elements/1.1/"
   xmlns:cc="http://creativecommons.org/ns#"
   xmlns:rdf="http://www.w3.org/1999/02/22-rdf-syntax-ns#"
   xmlns:svg="http://www.w3.org/2000/svg"
   xmlns="http://www.w3.org/2000/svg"
   xmlns:xlink="http://www.w3.org/1999/xlink"
   xmlns:sodipodi="http://sodipodi.sourceforge.net/DTD/sodipodi-0.dtd"
   xmlns:inkscape="http://www.inkscape.org/namespaces/inkscape"
   width="64px"
   height="64px"
   viewBox="0 0 4.5513339 6.5718449"
   version="1.1"
   id="svg17"
   sodipodi:docname="temp.svg">
  <metadata
     id="metadata21">
    <rdf:RDF>
      <cc:Work
         rdf:about="">
        <dc:format>image/svg+xml</dc:format>
        <dc:type
           rdf:resource="http://purl.org/dc/dcmitype/StillImage" />
      </cc:Work>
    </rdf:RDF>
  </metadata>
  <sodipodi:namedview
     pagecolor="#ffffff"
     bordercolor="#666666"
     borderopacity="1"
     objecttolerance="10"
     gridtolerance="10"
     guidetolerance="10"
     inkscape:pageopacity="0"
     inkscape:pageshadow="2"
     inkscape:window-width="640"
     inkscape:window-height="480"
     id="namedview19" />
  <defs
     id="defs10">
    <g
       id="g8">
      <symbol
         overflow="visible"
         id="glyph0-0">
        <path
           style="stroke:none"
           d=""
           id="path2" />
      </symbol>
      <symbol
         overflow="visible"
         id="glyph0-1">
        <path
           style="stroke:none"
           d="M 3.296875,-4.0625 C 3.125,-4.171875 2.953125,-4.28125 2.75,-4.34375 2.15625,-4.515625 1.46875,-4.390625 1.015625,-3.953125 0.90625,-3.84375 0.828125,-3.734375 0.75,-3.59375 0.671875,-3.453125 0.625,-3.296875 0.59375,-3.125 0.5625,-2.84375 0.625,-2.546875 0.765625,-2.296875 0.8125,-2.203125 0.875,-2.125 0.9375,-2.046875 c 0.03125,0.03125 0.09375,0.078125 0.09375,0.125 0,0.046875 -0.0625,0.09375 -0.078125,0.140625 C 0.890625,-1.6875 0.84375,-1.609375 0.8125,-1.5 c -0.109375,0.296875 -0.078125,0.640625 0.0625,0.9375 0.078125,0.140625 0.171875,0.265625 0.3125,0.328125 V -0.21875 C 1.09375,-0.203125 0.984375,-0.15625 0.890625,-0.109375 0.53125,0.0625 0.21875,0.453125 0.296875,0.875 c 0.015625,0.265625 0.1875,0.484375 0.40625,0.65625 0.25,0.1875 0.546875,0.3125 0.84375,0.390625 0.3125,0.09375 0.609375,0.125 0.9375,0.125 0.46875,0 0.9375,-0.078125 1.390625,-0.265625 C 4.140625,1.640625 4.40625,1.46875 4.5625,1.21875 4.84375,0.75 4.65625,0.125 4.28125,-0.234375 4.109375,-0.375 3.921875,-0.453125 3.71875,-0.53125 3.234375,-0.6875 2.71875,-0.671875 2.203125,-0.671875 H 1.8125 c -0.109375,0 -0.21875,0 -0.3125,-0.03125 -0.28125,-0.078125 -0.46875,-0.40625 -0.4375,-0.6875 0.015625,-0.15625 0.078125,-0.28125 0.140625,-0.40625 0.625,0.40625 1.5,0.40625 2.09375,-0.0625 C 3.8125,-2.28125 4,-3.015625 3.671875,-3.59375 c -0.0625,-0.125 -0.140625,-0.25 -0.25,-0.328125 0.09375,-0.0625 0.171875,-0.140625 0.265625,-0.1875 0.203125,-0.140625 0.484375,-0.234375 0.734375,-0.1875 -0.0625,0.03125 -0.109375,0.0625 -0.140625,0.125 C 4.171875,-3.953125 4.359375,-3.703125 4.609375,-3.75 4.640625,-3.765625 4.6875,-3.765625 4.71875,-3.78125 4.921875,-3.921875 4.828125,-4.25 4.6875,-4.390625 4.640625,-4.4375 4.59375,-4.46875 4.546875,-4.484375 4.4375,-4.53125 4.3125,-4.53125 4.1875,-4.515625 3.953125,-4.484375 3.734375,-4.40625 3.53125,-4.28125 3.4375,-4.21875 3.34375,-4.140625 3.296875,-4.0625 Z M 1.34375,-2.75 c -0.015625,-0.140625 0,-0.296875 0.015625,-0.4375 0.015625,-0.28125 0.0625,-0.546875 0.28125,-0.765625 0.34375,-0.3125 0.875,-0.296875 1.1875,0.0625 0.15625,0.171875 0.21875,0.375 0.25,0.609375 0.015625,0.1875 0.015625,0.375 0,0.5625 -0.03125,0.265625 -0.078125,0.5 -0.25,0.703125 -0.25,0.28125 -0.65625,0.359375 -0.984375,0.1875 -0.125,-0.0625 -0.21875,-0.140625 -0.296875,-0.25 C 1.390625,-2.28125 1.375,-2.515625 1.34375,-2.75 Z M 0.8125,0.84375 C 0.765625,0.484375 1.015625,0.125 1.34375,-0.015625 c 0.234375,-0.09375 0.5,-0.0625 0.75,-0.0625 0.484375,0 0.984375,-0.046875 1.453125,0.125 0.3125,0.09375 0.5625,0.3125 0.609375,0.65625 C 4.21875,1.140625 3.78125,1.46875 3.421875,1.625 2.8125,1.890625 2.03125,1.875 1.4375,1.578125 1.140625,1.421875 0.859375,1.171875 0.8125,0.84375 Z m 0,0"
           id="path5" />
      </symbol>
    </g>
  </defs>
  <g
     id="surface1"
     transform="translate(-148.99679,-130.24003)">
    <g
       style="fill:#000000;fill-opacity:1"
       id="g14">
      <use
         xlink:href="#glyph0-1"
         x="148.71201"
         y="134.765"
         id="use12"
         width="100%"
         height="100%" />
    </g>
  </g>
</svg>
