<?xml version="1.0" encoding="UTF-8" standalone="no"?>
<svg
   xmlns:dc="http://purl.org/dc/elements/1.1/"
   xmlns:cc="http://creativecommons.org/ns#"
   xmlns:rdf="http://www.w3.org/1999/02/22-rdf-syntax-ns#"
   xmlns:svg="http://www.w3.org/2000/svg"
   xmlns="http://www.w3.org/2000/svg"
   xmlns:xlink="http://www.w3.org/1999/xlink"
   xmlns:sodipodi="http://sodipodi.sourceforge.net/DTD/sodipodi-0.dtd"
   xmlns:inkscape="http://www.inkscape.org/namespaces/inkscape"
   width="64px"
   height="64px"
   viewBox="0 0 5.5976562 6.460307"
   version="1.1"
   id="svg17"
   sodipodi:docname="temp.svg">
  <metadata
     id="metadata21">
    <rdf:RDF>
      <cc:Work
         rdf:about="">
        <dc:format>image/svg+xml</dc:format>
        <dc:type
           rdf:resource="http://purl.org/dc/dcmitype/StillImage" />
      </cc:Work>
    </rdf:RDF>
  </metadata>
  <sodipodi:namedview
     pagecolor="#ffffff"
     bordercolor="#666666"
     borderopacity="1"
     objecttolerance="10"
     gridtolerance="10"
     guidetolerance="10"
     inkscape:pageopacity="0"
     inkscape:pageshadow="2"
     inkscape:window-width="640"
     inkscape:window-height="480"
     id="namedview19" />
  <defs
     id="defs10">
    <g
       id="g8">
      <symbol
         overflow="visible"
         id="glyph0-0">
        <path
           style="stroke:none"
           d=""
           id="path2" />
      </symbol>
      <symbol
         overflow="visible"
         id="glyph0-1">
        <path
           style="stroke:none"
           d="m 3.78125,-0.40625 h 0.015625 v 0.890625 c 0,0.15625 -0.015625,0.3125 0,0.46875 0.03125,0.296875 0.15625,0.5625 0.375,0.765625 C 4.21875,1.765625 4.28125,1.796875 4.34375,1.84375 4.65625,2.046875 5.15625,2.15625 5.4375,1.828125 5.625,1.59375 5.65625,1.265625 5.6875,0.984375 5.6875,0.875 5.703125,0.75 5.703125,0.625 5.703125,0.578125 5.71875,0.515625 5.6875,0.46875 5.65625,0.375 5.484375,0.375 5.46875,0.484375 5.4375,0.5625 5.453125,0.640625 5.453125,0.734375 c -0.015625,0.28125 0,0.609375 -0.15625,0.875 C 5.28125,1.671875 5.21875,1.71875 5.15625,1.765625 4.984375,1.875 4.78125,1.78125 4.671875,1.625 4.578125,1.484375 4.53125,1.3125 4.515625,1.15625 4.46875,0.875 4.5,0.59375 4.5,0.3125 v -3.71875 c 0,-0.125 -0.03125,-0.296875 0.03125,-0.421875 0.046875,-0.09375 0.15625,-0.140625 0.25,-0.15625 C 4.9375,-4 5.109375,-4 5.28125,-4 V -4.3125 L 4.375,-4.28125 H 3.453125 L 3.015625,-4.3125 V -4 C 3.1875,-4 3.34375,-4 3.5,-3.984375 c 0.09375,0.015625 0.171875,0.03125 0.234375,0.109375 0.078125,0.09375 0.0625,0.21875 0.0625,0.328125 v 2.375 c 0,0.078125 0.015625,0.171875 -0.015625,0.25 0,0.078125 -0.046875,0.15625 -0.078125,0.21875 -0.09375,0.171875 -0.21875,0.328125 -0.390625,0.4375 -0.359375,0.25 -0.828125,0.171875 -1.109375,-0.15625 C 2.0625,-0.59375 1.984375,-0.828125 1.9375,-1.046875 1.875,-1.34375 1.875,-1.640625 1.875,-1.9375 v -0.96875 c 0,-0.109375 0,-0.1875 0,-0.296875 0,-0.125 0.015625,-0.25 -0.015625,-0.375 -0.109375,-0.484375 -0.5625,-0.875 -1.078125,-0.84375 -0.046875,0 -0.109375,0.015625 -0.15625,0.03125 C 0.265625,-4.25 0.171875,-3.84375 0.140625,-3.5 0.125,-3.421875 0.125,-3.359375 0.125,-3.296875 c 0,0.125 -0.015625,0.25 -0.015625,0.359375 0,0.0625 0.015625,0.125 0.0625,0.140625 0.09375,0.03125 0.171875,0 0.1875,-0.09375 0.015625,-0.09375 0,-0.203125 0,-0.3125 0,-0.15625 0.015625,-0.3125 0.046875,-0.46875 0.015625,-0.109375 0.03125,-0.21875 0.09375,-0.3125 0.109375,-0.1875 0.375,-0.296875 0.53125,-0.125 C 1.140625,-4 1.171875,-3.875 1.1875,-3.734375 c 0.015625,0.171875 0,0.328125 -0.015625,0.5 0,0.09375 0,0.203125 0,0.296875 v 0.953125 c 0,0.140625 0,0.296875 0,0.421875 0.03125,0.390625 0.125,0.765625 0.359375,1.078125 0.25,0.359375 0.671875,0.53125 1.09375,0.578125 0.140625,0 0.296875,0.015625 0.4375,-0.015625 C 3.34375,0.03125 3.65625,-0.15625 3.78125,-0.40625 Z m 0,0"
           id="path5" />
      </symbol>
    </g>
  </defs>
  <g
     id="surface1"
     transform="translate(-148.82138,-130.34137)">
    <g
       style="fill:#000000;fill-opacity:1"
       id="g14">
      <use
         xlink:href="#glyph0-1"
         x="148.71201"
         y="134.765"
         id="use12"
         width="100%"
         height="100%" />
    </g>
  </g>
</svg>
