<?xml version="1.0" encoding="UTF-8" standalone="no"?>
<svg
   xmlns:dc="http://purl.org/dc/elements/1.1/"
   xmlns:cc="http://creativecommons.org/ns#"
   xmlns:rdf="http://www.w3.org/1999/02/22-rdf-syntax-ns#"
   xmlns:svg="http://www.w3.org/2000/svg"
   xmlns="http://www.w3.org/2000/svg"
   xmlns:xlink="http://www.w3.org/1999/xlink"
   xmlns:sodipodi="http://sodipodi.sourceforge.net/DTD/sodipodi-0.dtd"
   xmlns:inkscape="http://www.inkscape.org/namespaces/inkscape"
   width="64px"
   height="64px"
   viewBox="0 0 4.7456255 4.5981435"
   version="1.1"
   id="svg17"
   sodipodi:docname="temp.svg">
  <metadata
     id="metadata21">
    <rdf:RDF>
      <cc:Work
         rdf:about="">
        <dc:format>image/svg+xml</dc:format>
        <dc:type
           rdf:resource="http://purl.org/dc/dcmitype/StillImage" />
      </cc:Work>
    </rdf:RDF>
  </metadata>
  <sodipodi:namedview
     pagecolor="#ffffff"
     bordercolor="#666666"
     borderopacity="1"
     objecttolerance="10"
     gridtolerance="10"
     guidetolerance="10"
     inkscape:pageopacity="0"
     inkscape:pageshadow="2"
     inkscape:window-width="640"
     inkscape:window-height="480"
     id="namedview19" />
  <defs
     id="defs10">
    <g
       id="g8">
      <symbol
         overflow="visible"
         id="glyph0-0">
        <path
           style="stroke:none"
           d=""
           id="path2" />
      </symbol>
      <symbol
         overflow="visible"
         id="glyph0-1">
        <path
           style="stroke:none"
           d="m 4.140625,-0.375 c 0.125,0.109375 0.21875,0.21875 0.34375,0.296875 C 4.53125,-0.046875 4.59375,0 4.65625,-0.015625 c 0.046875,-0.03125 0.0625,-0.078125 0.0625,-0.140625 0,-0.109375 0,-0.21875 0,-0.328125 0,-0.21875 0,-0.4375 0,-0.65625 0,-0.109375 0,-0.25 0.09375,-0.3125 C 4.921875,-1.53125 5.078125,-1.53125 5.203125,-1.53125 V -1.765625 L 4.875,-1.75 4.078125,-1.734375 3.15625,-1.765625 v 0.234375 c 0.15625,0 0.328125,0 0.5,0.03125 0.078125,0 0.171875,0.015625 0.234375,0.078125 0.125,0.09375 0.125,0.25 0.125,0.390625 0,0.21875 0.015625,0.4375 -0.140625,0.609375 C 3.8125,-0.390625 3.765625,-0.34375 3.71875,-0.3125 3.484375,-0.171875 3.203125,-0.15625 2.9375,-0.171875 2.390625,-0.234375 1.875,-0.484375 1.578125,-0.953125 1.390625,-1.25 1.328125,-1.59375 1.3125,-1.9375 1.28125,-2.171875 1.296875,-2.421875 1.328125,-2.65625 1.359375,-2.875 1.421875,-3.09375 1.53125,-3.296875 1.796875,-3.78125 2.296875,-4.09375 2.859375,-4.140625 3.125,-4.171875 3.40625,-4.125 3.65625,-3.984375 3.796875,-3.90625 3.9375,-3.78125 4.046875,-3.65625 4.21875,-3.453125 4.34375,-3.234375 4.40625,-2.984375 4.4375,-2.875 4.4375,-2.765625 4.46875,-2.65625 4.5,-2.59375 4.578125,-2.578125 4.640625,-2.609375 4.703125,-2.625 4.71875,-2.6875 4.71875,-2.734375 c 0,-0.125 0,-0.25 0,-0.375 v -1 c 0,-0.09375 0,-0.15625 0,-0.234375 0,-0.046875 -0.03125,-0.078125 -0.0625,-0.109375 -0.046875,-0.015625 -0.09375,0 -0.140625,0.03125 C 4.453125,-4.34375 4.375,-4.25 4.3125,-4.171875 4.25,-4.109375 4.171875,-4.03125 4.125,-3.953125 c -0.09375,-0.09375 -0.203125,-0.1875 -0.3125,-0.25 -0.375,-0.21875 -0.78125,-0.28125 -1.203125,-0.234375 -0.453125,0.046875 -0.890625,0.21875 -1.25,0.5 -0.21875,0.171875 -0.40625,0.375 -0.546875,0.59375 C 0.671875,-3.125 0.578125,-2.90625 0.515625,-2.671875 0.34375,-1.953125 0.5625,-1.203125 1.046875,-0.65625 1.25,-0.4375 1.5,-0.265625 1.765625,-0.125 2.28125,0.125 2.921875,0.21875 3.484375,0.0625 3.734375,0 4.015625,-0.140625 4.140625,-0.375 Z m 0,0"
           id="path5" />
      </symbol>
    </g>
  </defs>
  <g
     id="surface1"
     transform="translate(-149.16951,-130.30574)">
    <g
       style="fill:#000000;fill-opacity:1"
       id="g14">
      <use
         xlink:href="#glyph0-1"
         x="148.71201"
         y="134.765"
         id="use12"
         width="100%"
         height="100%" />
    </g>
  </g>
</svg>
