<?xml version="1.0" encoding="UTF-8" standalone="no"?>
<svg
   xmlns:dc="http://purl.org/dc/elements/1.1/"
   xmlns:cc="http://creativecommons.org/ns#"
   xmlns:rdf="http://www.w3.org/1999/02/22-rdf-syntax-ns#"
   xmlns:svg="http://www.w3.org/2000/svg"
   xmlns="http://www.w3.org/2000/svg"
   xmlns:xlink="http://www.w3.org/1999/xlink"
   xmlns:sodipodi="http://sodipodi.sourceforge.net/DTD/sodipodi-0.dtd"
   xmlns:inkscape="http://www.inkscape.org/namespaces/inkscape"
   width="64px"
   height="64px"
   viewBox="0 0 6.84375 4.4062499"
   version="1.1"
   id="svg17"
   sodipodi:docname="temp.svg">
  <metadata
     id="metadata21">
    <rdf:RDF>
      <cc:Work
         rdf:about="">
        <dc:format>image/svg+xml</dc:format>
        <dc:type
           rdf:resource="http://purl.org/dc/dcmitype/StillImage" />
      </cc:Work>
    </rdf:RDF>
  </metadata>
  <sodipodi:namedview
     pagecolor="#ffffff"
     bordercolor="#666666"
     borderopacity="1"
     objecttolerance="10"
     gridtolerance="10"
     guidetolerance="10"
     inkscape:pageopacity="0"
     inkscape:pageshadow="2"
     inkscape:window-width="640"
     inkscape:window-height="480"
     id="namedview19" />
  <defs
     id="defs10">
    <g
       id="g8">
      <symbol
         overflow="visible"
         id="glyph0-0">
        <path
           style="stroke:none"
           d=""
           id="path2" />
      </symbol>
      <symbol
         overflow="visible"
         id="glyph0-1">
        <path
           style="stroke:none"
           d="m 0.171875,-0.3125 v 0.296875 l 0.890625,-0.03125 0.765625,0.03125 V -0.3125 c -0.25,-0.015625 -0.53125,-0.140625 -0.578125,-0.421875 0,-0.046875 0,-0.09375 0.015625,-0.140625 0.015625,-0.078125 0.046875,-0.15625 0.078125,-0.25 0.0625,-0.171875 0.125,-0.328125 0.1875,-0.5 0.140625,-0.40625 0.28125,-0.8125 0.421875,-1.203125 0.09375,-0.234375 0.1875,-0.46875 0.25,-0.703125 H 2.21875 c 0.046875,0.234375 0.15625,0.46875 0.25,0.703125 0.171875,0.5 0.34375,0.96875 0.515625,1.46875 C 3.046875,-1.1875 3.109375,-1 3.1875,-0.8125 3.203125,-0.734375 3.265625,-0.625 3.234375,-0.53125 3.21875,-0.453125 3.15625,-0.40625 3.078125,-0.375 2.9375,-0.3125 2.796875,-0.3125 2.65625,-0.3125 v 0.296875 L 3.515625,-0.046875 4.25,-0.03125 4.59375,-0.015625 V -0.3125 c -0.1875,0 -0.453125,0.015625 -0.609375,-0.125 C 3.890625,-0.53125 3.859375,-0.671875 3.8125,-0.8125 3.78125,-0.875 3.734375,-0.96875 3.734375,-1.046875 3.734375,-1.125 3.78125,-1.21875 3.8125,-1.296875 3.875,-1.453125 3.9375,-1.625 4,-1.78125 4.1875,-2.328125 4.359375,-2.875 4.578125,-3.40625 4.671875,-3.171875 4.75,-2.921875 4.84375,-2.671875 5,-2.21875 5.15625,-1.765625 5.328125,-1.3125 c 0.0625,0.171875 0.125,0.34375 0.1875,0.53125 0.03125,0.078125 0.078125,0.15625 0.046875,0.25 -0.03125,0.078125 -0.09375,0.125 -0.15625,0.15625 -0.125,0.0625 -0.28125,0.0625 -0.421875,0.0625 v 0.296875 L 5.875,-0.046875 6.65625,-0.03125 7.015625,-0.015625 V -0.3125 C 6.8125,-0.3125 6.5625,-0.296875 6.40625,-0.421875 6.3125,-0.515625 6.296875,-0.625 6.25,-0.734375 6.1875,-0.921875 6.125,-1.09375 6.0625,-1.28125 5.796875,-1.96875 5.578125,-2.65625 5.328125,-3.34375 5.21875,-3.609375 5.125,-3.890625 5.03125,-4.15625 4.984375,-4.265625 4.953125,-4.390625 4.828125,-4.421875 c -0.15625,0 -0.203125,0.109375 -0.25,0.21875 C 4.5,-3.9375 4.390625,-3.671875 4.3125,-3.421875 4.21875,-3.15625 4.125,-2.90625 4.03125,-2.640625 3.9375,-2.375 3.84375,-2.140625 3.765625,-1.875 3.703125,-1.71875 3.640625,-1.578125 3.59375,-1.421875 3.53125,-1.546875 3.5,-1.6875 3.453125,-1.828125 3.34375,-2.109375 3.234375,-2.40625 3.125,-2.703125 c -0.078125,-0.25 -0.171875,-0.5 -0.265625,-0.765625 C 2.765625,-3.703125 2.6875,-3.953125 2.609375,-4.203125 2.5625,-4.3125 2.515625,-4.421875 2.375,-4.421875 c -0.140625,0.015625 -0.171875,0.140625 -0.21875,0.25 -0.09375,0.28125 -0.1875,0.53125 -0.265625,0.796875 -0.28125,0.75 -0.546875,1.5 -0.8125,2.25 C 1.03125,-1 0.984375,-0.859375 0.921875,-0.734375 0.75,-0.46875 0.484375,-0.3125 0.171875,-0.3125 Z m 0,0"
           id="path5" />
      </symbol>
    </g>
  </defs>
  <g
     id="surface1"
     transform="translate(-148.88388,-130.34312)">
    <g
       style="fill:#000000;fill-opacity:1"
       id="g14">
      <use
         xlink:href="#glyph0-1"
         x="148.71201"
         y="134.765"
         id="use12"
         width="100%"
         height="100%" />
    </g>
  </g>
</svg>
