<?xml version="1.0" encoding="UTF-8" standalone="no"?>
<svg
   xmlns:dc="http://purl.org/dc/elements/1.1/"
   xmlns:cc="http://creativecommons.org/ns#"
   xmlns:rdf="http://www.w3.org/1999/02/22-rdf-syntax-ns#"
   xmlns:svg="http://www.w3.org/2000/svg"
   xmlns="http://www.w3.org/2000/svg"
   xmlns:xlink="http://www.w3.org/1999/xlink"
   xmlns:sodipodi="http://sodipodi.sourceforge.net/DTD/sodipodi-0.dtd"
   xmlns:inkscape="http://www.inkscape.org/namespaces/inkscape"
   width="64px"
   height="64px"
   viewBox="0 0 5.9986854 6.5604142"
   version="1.1"
   id="svg17"
   sodipodi:docname="temp.svg">
  <metadata
     id="metadata21">
    <rdf:RDF>
      <cc:Work
         rdf:about="">
        <dc:format>image/svg+xml</dc:format>
        <dc:type
           rdf:resource="http://purl.org/dc/dcmitype/StillImage" />
      </cc:Work>
    </rdf:RDF>
  </metadata>
  <sodipodi:namedview
     pagecolor="#ffffff"
     bordercolor="#666666"
     borderopacity="1"
     objecttolerance="10"
     gridtolerance="10"
     guidetolerance="10"
     inkscape:pageopacity="0"
     inkscape:pageshadow="2"
     inkscape:window-width="640"
     inkscape:window-height="480"
     id="namedview19" />
  <defs
     id="defs10">
    <g
       id="g8">
      <symbol
         overflow="visible"
         id="glyph0-0">
        <path
           style="stroke:none"
           d=""
           id="path2" />
      </symbol>
      <symbol
         overflow="visible"
         id="glyph0-1">
        <path
           style="stroke:none"
           d="M 4.125,-3.953125 H 4.109375 C 4,-4.09375 3.84375,-4.1875 3.6875,-4.265625 2.984375,-4.609375 2.125,-4.453125 1.5,-4.03125 1.34375,-3.9375 1.203125,-3.8125 1.078125,-3.6875 0.921875,-3.515625 0.78125,-3.328125 0.6875,-3.125 c -0.40625,0.8125 -0.25,1.796875 0.34375,2.453125 0.25,0.265625 0.546875,0.46875 0.859375,0.609375 0.515625,0.21875 1.09375,0.265625 1.625,0.125 0.25,-0.078125 0.515625,-0.21875 0.625,-0.4375 0.125,0.109375 0.21875,0.21875 0.34375,0.296875 C 4.53125,-0.046875 4.59375,0 4.65625,-0.015625 c 0.046875,-0.03125 0.0625,-0.078125 0.0625,-0.140625 0,-0.109375 0,-0.21875 0,-0.328125 0,-0.21875 0,-0.4375 0,-0.65625 0,-0.109375 0,-0.25 0.09375,-0.3125 C 4.921875,-1.53125 5.078125,-1.53125 5.203125,-1.53125 V -1.765625 L 4.875,-1.75 4.078125,-1.734375 3.15625,-1.765625 v 0.234375 c 0.15625,0 0.328125,0 0.5,0.03125 0.078125,0 0.171875,0.015625 0.234375,0.078125 0.125,0.09375 0.125,0.25 0.125,0.390625 0,0.21875 0.015625,0.4375 -0.140625,0.609375 -0.046875,0.03125 -0.09375,0.0625 -0.140625,0.09375 C 3.5,-0.171875 3.203125,-0.15625 2.9375,-0.171875 c -0.53125,-0.0625 -1.046875,-0.3125 -1.359375,-0.78125 -0.1875,-0.28125 -0.25,-0.640625 -0.265625,-0.984375 -0.03125,-0.25 -0.015625,-0.5 0.015625,-0.75 0.046875,-0.21875 0.125,-0.46875 0.234375,-0.65625 0.265625,-0.4375 0.71875,-0.71875 1.21875,-0.78125 0.25,-0.046875 0.515625,-0.015625 0.75,0.078125 0.203125,0.09375 0.390625,0.234375 0.53125,0.40625 0.171875,0.203125 0.28125,0.421875 0.34375,0.65625 0.03125,0.109375 0.03125,0.21875 0.0625,0.328125 0.03125,0.0625 0.109375,0.078125 0.1875,0.0625 C 4.75,-2.625 4.734375,-2.734375 4.734375,-2.8125 v -1.71875 c 0,-0.40625 0,-0.796875 0.171875,-1.171875 0.0625,-0.15625 0.171875,-0.28125 0.3125,-0.390625 0.171875,-0.109375 0.40625,-0.125 0.609375,-0.046875 0.078125,0.046875 0.15625,0.09375 0.21875,0.15625 -0.0625,0 -0.140625,0.015625 -0.203125,0.046875 -0.21875,0.125 -0.265625,0.421875 -0.125,0.609375 C 5.828125,-5.1875 6,-5.140625 6.171875,-5.1875 6.203125,-5.1875 6.25,-5.203125 6.28125,-5.21875 6.46875,-5.359375 6.484375,-5.59375 6.4375,-5.796875 6.34375,-6.125 6.046875,-6.34375 5.71875,-6.40625 c -0.09375,-0.015625 -0.1875,-0.015625 -0.28125,0 -0.0625,0 -0.140625,0.03125 -0.203125,0.0625 -0.515625,0.203125 -0.703125,0.8125 -0.75,1.3125 C 4.46875,-4.890625 4.46875,-4.75 4.46875,-4.609375 c 0,0.078125 0.015625,0.15625 0,0.21875 -0.015625,0.0625 -0.078125,0.109375 -0.109375,0.15625 C 4.28125,-4.140625 4.203125,-4.0625 4.125,-3.953125 Z m 0,0"
           id="path5" />
      </symbol>
    </g>
  </defs>
  <g
     id="surface1"
     transform="translate(-149.17318,-128.34703)">
    <g
       style="fill:#000000;fill-opacity:1"
       id="g14">
      <use
         xlink:href="#glyph0-1"
         x="148.71201"
         y="134.765"
         id="use12"
         width="100%"
         height="100%" />
    </g>
  </g>
</svg>
