<?xml version="1.0" encoding="UTF-8" standalone="no"?>
<svg
   xmlns:dc="http://purl.org/dc/elements/1.1/"
   xmlns:cc="http://creativecommons.org/ns#"
   xmlns:rdf="http://www.w3.org/1999/02/22-rdf-syntax-ns#"
   xmlns:svg="http://www.w3.org/2000/svg"
   xmlns="http://www.w3.org/2000/svg"
   xmlns:xlink="http://www.w3.org/1999/xlink"
   xmlns:sodipodi="http://sodipodi.sourceforge.net/DTD/sodipodi-0.dtd"
   xmlns:inkscape="http://www.inkscape.org/namespaces/inkscape"
   width="64px"
   height="64px"
   viewBox="0 0 4.5694446 8.9568823"
   version="1.1"
   id="svg17"
   sodipodi:docname="temp.svg">
  <metadata
     id="metadata21">
    <rdf:RDF>
      <cc:Work
         rdf:about="">
        <dc:format>image/svg+xml</dc:format>
        <dc:type
           rdf:resource="http://purl.org/dc/dcmitype/StillImage" />
      </cc:Work>
    </rdf:RDF>
  </metadata>
  <sodipodi:namedview
     pagecolor="#ffffff"
     bordercolor="#666666"
     borderopacity="1"
     objecttolerance="10"
     gridtolerance="10"
     guidetolerance="10"
     inkscape:pageopacity="0"
     inkscape:pageshadow="2"
     inkscape:window-width="640"
     inkscape:window-height="480"
     id="namedview19" />
  <defs
     id="defs10">
    <g
       id="g8">
      <symbol
         overflow="visible"
         id="glyph0-0">
        <path
           style="stroke:none"
           d=""
           id="path2" />
      </symbol>
      <symbol
         overflow="visible"
         id="glyph0-1">
        <path
           style="stroke:none"
           d="m 0.328125,-6.8125 v 0.296875 c 0.15625,0 0.3125,0 0.453125,0.03125 0.125,0.03125 0.25,0.078125 0.28125,0.203125 0.0625,0.15625 0.046875,0.328125 0.046875,0.484375 v 4.84375 c 0,0.140625 0.03125,0.328125 -0.046875,0.46875 -0.046875,0.09375 -0.140625,0.140625 -0.25,0.140625 C 0.65625,-0.3125 0.484375,-0.3125 0.328125,-0.3125 v 0.296875 L 1.21875,-0.046875 2.125,-0.03125 2.546875,-0.015625 V -0.3125 c -0.15625,0 -0.296875,0 -0.46875,-0.03125 C 2,-0.34375 1.90625,-0.359375 1.859375,-0.421875 1.78125,-0.5 1.78125,-0.609375 1.78125,-0.703125 V -3.46875 c 0,-0.078125 -0.03125,-0.203125 0.015625,-0.265625 0.015625,-0.046875 0.0625,-0.0625 0.09375,-0.078125 0.328125,-0.203125 0.703125,-0.28125 1.0625,-0.3125 0.140625,-0.015625 0.328125,-0.03125 0.46875,0.03125 0.109375,0.046875 0.1875,0.140625 0.25,0.234375 0.140625,0.21875 0.1875,0.515625 0.171875,0.765625 -0.03125,0.1875 -0.109375,0.359375 -0.1875,0.515625 -0.15625,0.28125 -0.3125,0.5625 -0.3125,0.890625 0,0.15625 0.09375,0.328125 0.171875,0.484375 0.1875,0.34375 0.484375,0.65625 0.515625,1.0625 0.015625,0.046875 0,0.109375 0,0.15625 0,0.078125 0.015625,0.171875 0.015625,0.25 C 4.03125,0.703125 3.890625,1.15625 3.59375,1.484375 3.515625,1.5625 3.421875,1.640625 3.3125,1.703125 3.015625,1.859375 2.640625,1.828125 2.328125,1.75 2.046875,1.6875 1.78125,1.5625 1.578125,1.34375 1.71875,1.34375 1.875,1.3125 1.96875,1.203125 2.15625,0.984375 2.109375,0.609375 1.84375,0.484375 1.578125,0.34375 1.25,0.484375 1.171875,0.765625 1.125,0.96875 1.203125,1.1875 1.28125,1.359375 1.46875,1.6875 1.875,1.875 2.234375,1.96875 c 0.8125,0.1875 1.75,-0.015625 2.28125,-0.703125 C 4.6875,1.046875 4.8125,0.78125 4.859375,0.515625 4.875,0.40625 4.890625,0.296875 4.890625,0.1875 c 0,-0.0625 0.015625,-0.125 0,-0.203125 0,-0.296875 -0.109375,-0.609375 -0.28125,-0.875 C 4.5,-1.078125 4.3125,-1.21875 4.171875,-1.390625 4.09375,-1.46875 4.015625,-1.5625 4,-1.671875 3.984375,-1.75 4,-1.8125 4.03125,-1.890625 4.0625,-2.046875 4.140625,-2.1875 4.234375,-2.34375 c 0.125,-0.203125 0.234375,-0.421875 0.296875,-0.671875 0,-0.078125 0,-0.15625 0,-0.234375 0,-0.15625 -0.03125,-0.3125 -0.109375,-0.46875 -0.046875,-0.125 -0.109375,-0.234375 -0.1875,-0.328125 -0.0625,-0.0625 -0.125,-0.125 -0.1875,-0.1875 C 3.84375,-4.40625 3.59375,-4.5 3.328125,-4.53125 c -0.109375,0 -0.21875,0 -0.328125,0.015625 C 2.703125,-4.5 2.40625,-4.421875 2.125,-4.3125 2,-4.25 1.890625,-4.1875 1.78125,-4.109375 v -2.8125 z m 0,0"
           id="path5" />
      </symbol>
    </g>
  </defs>
  <g
     id="surface1"
     transform="translate(-149.04013,-127.84312)">
    <g
       style="fill:#000000;fill-opacity:1"
       id="g14">
      <use
         xlink:href="#glyph0-1"
         x="148.71201"
         y="134.765"
         id="use12"
         width="100%"
         height="100%" />
    </g>
  </g>
</svg>
