<?xml version="1.0" encoding="UTF-8" standalone="no"?>
<svg
   xmlns:dc="http://purl.org/dc/elements/1.1/"
   xmlns:cc="http://creativecommons.org/ns#"
   xmlns:rdf="http://www.w3.org/1999/02/22-rdf-syntax-ns#"
   xmlns:svg="http://www.w3.org/2000/svg"
   xmlns="http://www.w3.org/2000/svg"
   xmlns:xlink="http://www.w3.org/1999/xlink"
   xmlns:sodipodi="http://sodipodi.sourceforge.net/DTD/sodipodi-0.dtd"
   xmlns:inkscape="http://www.inkscape.org/namespaces/inkscape"
   width="64px"
   height="64px"
   viewBox="0 0 6.3916092 4.5998205"
   version="1.1"
   id="svg17"
   sodipodi:docname="temp.svg">
  <metadata
     id="metadata21">
    <rdf:RDF>
      <cc:Work
         rdf:about="">
        <dc:format>image/svg+xml</dc:format>
        <dc:type
           rdf:resource="http://purl.org/dc/dcmitype/StillImage" />
      </cc:Work>
    </rdf:RDF>
  </metadata>
  <sodipodi:namedview
     pagecolor="#ffffff"
     bordercolor="#666666"
     borderopacity="1"
     objecttolerance="10"
     gridtolerance="10"
     guidetolerance="10"
     inkscape:pageopacity="0"
     inkscape:pageshadow="2"
     inkscape:window-width="640"
     inkscape:window-height="480"
     id="namedview19" />
  <defs
     id="defs10">
    <g
       id="g8">
      <symbol
         overflow="visible"
         id="glyph0-0">
        <path
           style="stroke:none"
           d=""
           id="path2" />
      </symbol>
      <symbol
         overflow="visible"
         id="glyph0-1">
        <path
           style="stroke:none"
           d="m 6.984375,-1.34375 c -0.046875,0 -0.109375,0 -0.15625,0 -0.03125,0 -0.0625,0 -0.078125,0.015625 C 6.71875,-1.3125 6.71875,-1.25 6.703125,-1.21875 6.703125,-1.140625 6.671875,-1.078125 6.65625,-1 6.578125,-0.765625 6.46875,-0.546875 6.265625,-0.40625 6.078125,-0.296875 5.84375,-0.265625 5.625,-0.265625 5.359375,-0.234375 5.109375,-0.25 4.828125,-0.25 4.6875,-0.25 4.4375,-0.203125 4.359375,-0.34375 4.328125,-0.40625 4.3125,-0.453125 4.3125,-0.515625 c -0.015625,-0.109375 0,-0.234375 0,-0.375 V -2.09375 c 0.28125,0 0.578125,-0.015625 0.875,0.015625 0.125,0 0.265625,0 0.359375,0.09375 0.15625,0.125 0.1875,0.3125 0.1875,0.5 h 0.25 v -1.5 h -0.25 c 0,0.171875 -0.03125,0.375 -0.1875,0.484375 C 5.453125,-2.40625 5.3125,-2.40625 5.1875,-2.390625 4.890625,-2.375 4.59375,-2.375 4.3125,-2.375 v -1.15625 c 0,-0.109375 -0.015625,-0.203125 0,-0.3125 C 4.328125,-3.890625 4.34375,-3.953125 4.375,-4 c 0.046875,-0.0625 0.140625,-0.0625 0.21875,-0.0625 0.15625,0 0.3125,0 0.46875,0 0.234375,0 0.46875,-0.015625 0.703125,0.03125 0.171875,0.015625 0.328125,0.0625 0.453125,0.171875 0.078125,0.078125 0.140625,0.171875 0.1875,0.265625 0.078125,0.171875 0.109375,0.328125 0.140625,0.5 H 6.78125 L 6.59375,-4.3125 H 4.828125 c -0.296875,0 -0.609375,0.03125 -0.90625,0 C 3.640625,-4.328125 3.375,-4.421875 3.09375,-4.453125 2.875,-4.46875 2.625,-4.453125 2.40625,-4.390625 2.140625,-4.34375 1.890625,-4.234375 1.671875,-4.09375 0.890625,-3.609375 0.46875,-2.65625 0.625,-1.75 0.671875,-1.46875 0.78125,-1.1875 0.9375,-0.953125 1.359375,-0.25 2.171875,0.15625 2.984375,0.140625 3.296875,0.125 3.59375,0.015625 3.90625,-0.015625 c 0.140625,0 0.28125,0 0.421875,0 h 2.25 c 0.046875,0 0.09375,0.015625 0.125,-0.015625 0.03125,-0.015625 0.03125,-0.0625 0.03125,-0.09375 l 0.046875,-0.25 c 0.0625,-0.328125 0.140625,-0.640625 0.203125,-0.96875 z M 1.40625,-2.078125 c -0.015625,-0.125 0,-0.25 0.015625,-0.375 C 1.453125,-3.03125 1.71875,-3.65625 2.203125,-4 c 0.265625,-0.171875 0.5625,-0.265625 0.890625,-0.234375 0.171875,0.03125 0.3125,0.0625 0.421875,0.203125 0.109375,0.125 0.140625,0.3125 0.15625,0.46875 0.015625,0.203125 0,0.421875 0.015625,0.625 0.015625,0.46875 0.015625,0.9375 0.015625,1.390625 0,0.078125 -0.015625,0.15625 -0.015625,0.21875 0,0.21875 0,0.453125 -0.03125,0.671875 -0.015625,0.125 -0.046875,0.25 -0.125,0.34375 -0.09375,0.140625 -0.25,0.203125 -0.421875,0.21875 -0.25,0.03125 -0.5,0 -0.71875,-0.125 C 1.921875,-0.484375 1.625,-1 1.5,-1.5 1.453125,-1.6875 1.421875,-1.890625 1.40625,-2.078125 Z m 0,0"
           id="path5" />
      </symbol>
    </g>
  </defs>
  <g
     id="surface1"
     transform="translate(-149.30477,-130.30624)">
    <g
       style="fill:#000000;fill-opacity:1"
       id="g14">
      <use
         xlink:href="#glyph0-1"
         x="148.71201"
         y="134.765"
         id="use12"
         width="100%"
         height="100%" />
    </g>
  </g>
</svg>
