<?xml version="1.0" encoding="UTF-8" standalone="no"?>
<svg
   xmlns:dc="http://purl.org/dc/elements/1.1/"
   xmlns:cc="http://creativecommons.org/ns#"
   xmlns:rdf="http://www.w3.org/1999/02/22-rdf-syntax-ns#"
   xmlns:svg="http://www.w3.org/2000/svg"
   xmlns="http://www.w3.org/2000/svg"
   xmlns:xlink="http://www.w3.org/1999/xlink"
   xmlns:sodipodi="http://sodipodi.sourceforge.net/DTD/sodipodi-0.dtd"
   xmlns:inkscape="http://www.inkscape.org/namespaces/inkscape"
   width="64px"
   height="64px"
   viewBox="0 0 3.9874535 6.5642165"
   version="1.1"
   id="svg17"
   sodipodi:docname="temp.svg">
  <metadata
     id="metadata21">
    <rdf:RDF>
      <cc:Work
         rdf:about="">
        <dc:format>image/svg+xml</dc:format>
        <dc:type
           rdf:resource="http://purl.org/dc/dcmitype/StillImage" />
      </cc:Work>
    </rdf:RDF>
  </metadata>
  <sodipodi:namedview
     pagecolor="#ffffff"
     bordercolor="#666666"
     borderopacity="1"
     objecttolerance="10"
     gridtolerance="10"
     guidetolerance="10"
     inkscape:pageopacity="0"
     inkscape:pageshadow="2"
     inkscape:window-width="640"
     inkscape:window-height="480"
     id="namedview19" />
  <defs
     id="defs10">
    <g
       id="g8">
      <symbol
         overflow="visible"
         id="glyph0-0">
        <path
           style="stroke:none"
           d=""
           id="path2" />
      </symbol>
      <symbol
         overflow="visible"
         id="glyph0-1">
        <path
           style="stroke:none"
           d="m 0.53125,-4.3125 -0.078125,1.25 -0.03125,0.421875 h 0.25 C 0.6875,-2.953125 0.765625,-3.34375 1.03125,-3.53125 1.25,-3.6875 1.5625,-3.703125 1.796875,-3.703125 c 0.5625,-0.03125 1.125,-0.015625 1.6875,-0.015625 -0.125,0.15625 -0.28125,0.28125 -0.40625,0.421875 -0.296875,0.3125 -0.609375,0.640625 -0.90625,0.953125 -0.125,0.125 -0.25,0.25 -0.375,0.375 -0.109375,0.140625 -0.25,0.28125 -0.375,0.40625 C 1.375,-1.5 1.3125,-1.4375 1.34375,-1.359375 c 0.046875,0.078125 0.171875,0.0625 0.25,0.0625 0.21875,0 0.4375,0.046875 0.65625,0.09375 0.125,0.046875 0.25,0.09375 0.359375,0.171875 0.09375,0.046875 0.1875,0.109375 0.25,0.1875 C 3.171875,-0.546875 3.25,-0.125 3.25,0.296875 3.140625,0.234375 3.03125,0.15625 2.921875,0.09375 2.703125,0 2.484375,-0.0625 2.25,-0.09375 c -0.453125,-0.0625 -0.96875,0 -1.359375,0.25 C 0.75,0.265625 0.625,0.390625 0.53125,0.546875 0.40625,0.8125 0.40625,1.15625 0.5625,1.421875 0.78125,1.75 1.171875,1.90625 1.53125,1.96875 1.78125,2.03125 2.046875,2.046875 2.3125,2.03125 2.71875,2 3.125,1.859375 3.4375,1.578125 3.5625,1.46875 3.703125,1.34375 3.78125,1.203125 c 0.046875,0.078125 0.109375,0.15625 0.140625,0.25 0.109375,0.203125 0.171875,0.40625 0.21875,0.625 0.03125,0.09375 0.0625,0.1875 0.1875,0.171875 C 4.46875,2.21875 4.390625,2 4.359375,1.90625 4.3125,1.671875 4.203125,1.453125 4.09375,1.25 4.0625,1.1875 4.03125,1.109375 3.984375,1.0625 3.96875,1.03125 3.9375,0.984375 3.9375,0.953125 3.9375,0.90625 3.953125,0.859375 3.984375,0.8125 4,0.75 4.03125,0.671875 4.046875,0.59375 4.09375,0.390625 4.09375,0.171875 4.078125,-0.046875 3.984375,-0.8125 3.390625,-1.421875 2.6875,-1.6875 2.5,-1.78125 2.265625,-1.84375 2.046875,-1.84375 c 0.0625,-0.0625 0.109375,-0.125 0.171875,-0.1875 0.140625,-0.125 0.265625,-0.265625 0.390625,-0.40625 0.328125,-0.328125 0.625,-0.65625 0.953125,-0.984375 0.078125,-0.09375 0.15625,-0.171875 0.25,-0.265625 0.046875,-0.046875 0.125,-0.125 0.15625,-0.1875 0.015625,-0.0625 0.015625,-0.140625 0.015625,-0.21875 0,-0.046875 0,-0.09375 -0.015625,-0.140625 C 3.9375,-4.3125 3.84375,-4.3125 3.765625,-4.3125 Z m 2.703125,4.875 c -0.015625,0.140625 -0.03125,0.25 -0.0625,0.390625 -0.0625,0.25 -0.203125,0.484375 -0.40625,0.65625 C 2.609375,1.71875 2.4375,1.796875 2.25,1.8125 c -0.09375,0.015625 -0.1875,0 -0.28125,-0.015625 -0.25,0 -0.5,-0.046875 -0.734375,-0.140625 C 1.046875,1.578125 0.859375,1.453125 0.75,1.28125 0.640625,1.09375 0.640625,0.859375 0.734375,0.671875 c 0.0625,-0.140625 0.15625,-0.25 0.28125,-0.328125 0.375,-0.25 0.890625,-0.296875 1.328125,-0.203125 0.234375,0.046875 0.4375,0.140625 0.640625,0.265625 0.09375,0.046875 0.171875,0.109375 0.25,0.15625 z m 0,0"
           id="path5" />
      </symbol>
    </g>
  </defs>
  <g
     id="surface1"
     transform="translate(-149.13388,-130.4525)">
    <g
       style="fill:#000000;fill-opacity:1"
       id="g14">
      <use
         xlink:href="#glyph0-1"
         x="148.71201"
         y="134.765"
         id="use12"
         width="100%"
         height="100%" />
    </g>
  </g>
</svg>
