<?xml version="1.0" encoding="UTF-8" standalone="no"?>
<svg
   xmlns:dc="http://purl.org/dc/elements/1.1/"
   xmlns:cc="http://creativecommons.org/ns#"
   xmlns:rdf="http://www.w3.org/1999/02/22-rdf-syntax-ns#"
   xmlns:svg="http://www.w3.org/2000/svg"
   xmlns="http://www.w3.org/2000/svg"
   xmlns:xlink="http://www.w3.org/1999/xlink"
   xmlns:sodipodi="http://sodipodi.sourceforge.net/DTD/sodipodi-0.dtd"
   xmlns:inkscape="http://www.inkscape.org/namespaces/inkscape"
   width="64px"
   height="64px"
   viewBox="0 0 4.9414062 6.4505314"
   version="1.1"
   id="svg17"
   sodipodi:docname="temp.svg">
  <metadata
     id="metadata21">
    <rdf:RDF>
      <cc:Work
         rdf:about="">
        <dc:format>image/svg+xml</dc:format>
        <dc:type
           rdf:resource="http://purl.org/dc/dcmitype/StillImage" />
      </cc:Work>
    </rdf:RDF>
  </metadata>
  <sodipodi:namedview
     pagecolor="#ffffff"
     bordercolor="#666666"
     borderopacity="1"
     objecttolerance="10"
     gridtolerance="10"
     guidetolerance="10"
     inkscape:pageopacity="0"
     inkscape:pageshadow="2"
     inkscape:window-width="640"
     inkscape:window-height="480"
     id="namedview19" />
  <defs
     id="defs10">
    <g
       id="g8">
      <symbol
         overflow="visible"
         id="glyph0-0">
        <path
           style="stroke:none"
           d=""
           id="path2" />
      </symbol>
      <symbol
         overflow="visible"
         id="glyph0-1">
        <path
           style="stroke:none"
           d="M 2.671875,-0.671875 H 2.6875 c 0.015625,0.109375 0.0625,0.21875 0.109375,0.328125 0.046875,0.1875 0.125,0.390625 0.1875,0.578125 0.109375,0.328125 0.203125,0.65625 0.3125,0.96875 0.078125,0.265625 0.171875,0.5625 0.40625,0.71875 0.328125,0.203125 0.75,0.109375 1,-0.140625 C 4.890625,1.578125 5,1.3125 5.046875,1.03125 5.078125,0.921875 5.09375,0.8125 5.09375,0.6875 5.09375,0.640625 5.109375,0.59375 5.078125,0.5625 5.046875,0.484375 4.921875,0.46875 4.859375,0.53125 4.84375,0.578125 4.84375,0.625 4.828125,0.671875 4.828125,0.75 4.8125,0.8125 4.78125,0.875 4.609375,1.171875 4.234375,1.28125 3.921875,1.140625 3.671875,1.046875 3.484375,0.8125 3.375,0.578125 3.328125,0.46875 3.296875,0.359375 3.265625,0.25 3.1875,0.046875 3.125,-0.15625 3.046875,-0.34375 3.015625,-0.46875 2.96875,-0.59375 2.9375,-0.703125 2.90625,-0.78125 2.859375,-0.859375 2.859375,-0.921875 2.84375,-1 2.9375,-1.09375 2.96875,-1.140625 3.078125,-1.328125 3.1875,-1.5 3.296875,-1.671875 3.65625,-2.28125 4.015625,-2.875 4.375,-3.484375 4.46875,-3.65625 4.578125,-3.8125 4.671875,-3.984375 4.71875,-4.046875 4.78125,-4.125 4.78125,-4.203125 4.796875,-4.296875 4.703125,-4.3125 4.640625,-4.3125 c -0.109375,0 -0.21875,0 -0.328125,0 -0.078125,0 -0.171875,0 -0.21875,0.078125 C 4,-4.09375 3.921875,-3.9375 3.828125,-3.796875 3.625,-3.453125 3.421875,-3.125 3.21875,-2.78125 3.09375,-2.578125 2.953125,-2.359375 2.828125,-2.140625 2.75,-2 2.640625,-1.859375 2.578125,-1.71875 2.515625,-1.890625 2.46875,-2.078125 2.390625,-2.25 2.265625,-2.625 2.125,-3.015625 2.03125,-3.40625 c -0.09375,-0.3125 -0.203125,-0.734375 -0.5,-0.90625 -0.078125,-0.046875 -0.171875,-0.078125 -0.25,-0.09375 -0.078125,-0.015625 -0.15625,-0.015625 -0.21875,0 -0.484375,0.0625 -0.75,0.515625 -0.859375,0.953125 -0.03125,0.125 -0.046875,0.25 -0.046875,0.375 0,0.0625 0,0.125 0.015625,0.15625 0.046875,0.078125 0.171875,0.078125 0.21875,0 0.015625,-0.03125 0.015625,-0.09375 0.03125,-0.140625 0,-0.0625 0.03125,-0.125 0.0625,-0.171875 C 0.625,-3.53125 0.96875,-3.65625 1.265625,-3.5625 c 0.5,0.15625 0.65625,0.71875 0.8125,1.15625 0.03125,0.109375 0.078125,0.25 0.125,0.359375 0.046875,0.125 0.078125,0.25 0.125,0.359375 0.03125,0.078125 0.046875,0.140625 0.0625,0.21875 0.015625,0.078125 -0.0625,0.171875 -0.109375,0.25 -0.125,0.1875 -0.234375,0.375 -0.34375,0.578125 C 1.578125,-0.0625 1.21875,0.515625 0.875,1.09375 0.78125,1.25 0.6875,1.421875 0.59375,1.578125 0.546875,1.65625 0.484375,1.734375 0.46875,1.8125 0.453125,1.890625 0.515625,1.921875 0.578125,1.921875 c 0.125,0.015625 0.265625,0 0.390625,0 0.0625,0 0.140625,0 0.1875,-0.0625 0.09375,-0.125 0.15625,-0.28125 0.234375,-0.40625 0.171875,-0.28125 0.34375,-0.5625 0.515625,-0.84375 0.171875,-0.265625 0.328125,-0.546875 0.5,-0.8125 0.09375,-0.15625 0.203125,-0.3125 0.265625,-0.46875 z m 0,0"
           id="path5" />
      </symbol>
    </g>
  </defs>
  <g
     id="surface1"
     transform="translate(-148.86826,-130.34703)">
    <g
       style="fill:#000000;fill-opacity:1"
       id="g14">
      <use
         xlink:href="#glyph0-1"
         x="148.71201"
         y="134.765"
         id="use12"
         width="100%"
         height="100%" />
    </g>
  </g>
</svg>
