<?xml version="1.0" encoding="UTF-8" standalone="no"?>
<svg
   xmlns:dc="http://purl.org/dc/elements/1.1/"
   xmlns:cc="http://creativecommons.org/ns#"
   xmlns:rdf="http://www.w3.org/1999/02/22-rdf-syntax-ns#"
   xmlns:svg="http://www.w3.org/2000/svg"
   xmlns="http://www.w3.org/2000/svg"
   xmlns:xlink="http://www.w3.org/1999/xlink"
   xmlns:sodipodi="http://sodipodi.sourceforge.net/DTD/sodipodi-0.dtd"
   xmlns:inkscape="http://www.inkscape.org/namespaces/inkscape"
   width="64px"
   height="64px"
   viewBox="0 0 4.9079862 4.4492168"
   version="1.1"
   id="svg17"
   sodipodi:docname="temp.svg">
  <metadata
     id="metadata21">
    <rdf:RDF>
      <cc:Work
         rdf:about="">
        <dc:format>image/svg+xml</dc:format>
        <dc:type
           rdf:resource="http://purl.org/dc/dcmitype/StillImage" />
      </cc:Work>
    </rdf:RDF>
  </metadata>
  <sodipodi:namedview
     pagecolor="#ffffff"
     bordercolor="#666666"
     borderopacity="1"
     objecttolerance="10"
     gridtolerance="10"
     guidetolerance="10"
     inkscape:pageopacity="0"
     inkscape:pageshadow="2"
     inkscape:window-width="640"
     inkscape:window-height="480"
     id="namedview19" />
  <defs
     id="defs10">
    <g
       id="g8">
      <symbol
         overflow="visible"
         id="glyph0-0">
        <path
           style="stroke:none"
           d=""
           id="path2" />
      </symbol>
      <symbol
         overflow="visible"
         id="glyph0-1">
        <path
           style="stroke:none"
           d="m 1.703125,-2.265625 v -1.21875 c 0,-0.140625 -0.03125,-0.359375 0.078125,-0.484375 0.0625,-0.046875 0.125,-0.0625 0.203125,-0.078125 C 2.125,-4.0625 2.25,-4.0625 2.390625,-4.0625 v -0.25 L 2,-4.28125 H 1.171875 L 0.34375,-4.3125 v 0.25 c 0.140625,0 0.28125,0 0.421875,0.015625 C 0.859375,-4.03125 0.9375,-4 0.984375,-3.921875 1.03125,-3.828125 1.03125,-3.71875 1.03125,-3.625 v 2.921875 c 0,0.109375 0.015625,0.21875 -0.046875,0.3125 C 0.9375,-0.3125 0.84375,-0.296875 0.765625,-0.265625 0.625,-0.25 0.484375,-0.25 0.34375,-0.25 v 0.234375 h 1.75 c 0.203125,0 0.40625,0.015625 0.59375,0 0.359375,-0.015625 0.71875,-0.09375 1.03125,-0.25 C 3.875,-0.34375 4.015625,-0.453125 4.140625,-0.5625 4.21875,-0.640625 4.28125,-0.75 4.328125,-0.84375 4.359375,-0.90625 4.375,-0.984375 4.390625,-1.046875 4.40625,-1.109375 4.40625,-1.171875 4.40625,-1.21875 4.375,-1.671875 3.953125,-1.9375 3.59375,-2.09375 3.484375,-2.125 3.390625,-2.15625 3.296875,-2.1875 3.375,-2.234375 3.484375,-2.265625 3.5625,-2.328125 3.71875,-2.4375 3.84375,-2.578125 3.921875,-2.734375 4,-2.875 4.03125,-3.015625 4.0625,-3.171875 4.109375,-3.34375 4.140625,-3.5 4.203125,-3.671875 4.234375,-3.828125 4.28125,-4 4.390625,-4.125 c 0.03125,-0.03125 0.0625,-0.0625 0.078125,-0.078125 0.203125,-0.109375 0.40625,0.078125 0.46875,0.25 0.03125,0.0625 0.046875,0.125 0.0625,0.1875 0,0.03125 0,0.078125 0.015625,0.109375 0.03125,0.078125 0.125,0.09375 0.1875,0.0625 C 5.265625,-3.65625 5.25,-3.734375 5.25,-3.8125 5.21875,-3.984375 5.140625,-4.171875 5,-4.296875 4.828125,-4.453125 4.609375,-4.46875 4.375,-4.453125 4.234375,-4.4375 4.09375,-4.421875 3.953125,-4.359375 3.84375,-4.34375 3.734375,-4.28125 3.65625,-4.21875 c -0.078125,0.046875 -0.140625,0.109375 -0.1875,0.1875 -0.1875,0.25 -0.15625,0.5625 -0.15625,0.875 0,0.1875 0,0.359375 -0.109375,0.53125 -0.109375,0.1875 -0.3125,0.296875 -0.515625,0.34375 -0.140625,0.015625 -0.28125,0.015625 -0.421875,0.015625 z m 0,0.21875 c 0.359375,0 0.734375,-0.03125 1.09375,0.015625 0.21875,0.03125 0.46875,0.109375 0.625,0.296875 0.078125,0.09375 0.109375,0.203125 0.125,0.3125 C 3.59375,-1.15625 3.59375,-0.8125 3.40625,-0.59375 3.15625,-0.3125 2.71875,-0.3125 2.375,-0.3125 H 1.921875 c -0.046875,0 -0.125,0 -0.171875,-0.03125 C 1.71875,-0.375 1.71875,-0.4375 1.71875,-0.484375 1.6875,-0.59375 1.703125,-0.703125 1.703125,-0.8125 Z m 0,0"
           id="path5" />
      </symbol>
    </g>
  </defs>
  <g
     id="surface1"
     transform="translate(-149.05576,-130.3071)">
    <g
       style="fill:#000000;fill-opacity:1"
       id="g14">
      <use
         xlink:href="#glyph0-1"
         x="148.71201"
         y="134.765"
         id="use12"
         width="100%"
         height="100%" />
    </g>
  </g>
</svg>
