<?xml version="1.0" encoding="UTF-8" standalone="no"?>
<svg
   xmlns:dc="http://purl.org/dc/elements/1.1/"
   xmlns:cc="http://creativecommons.org/ns#"
   xmlns:rdf="http://www.w3.org/1999/02/22-rdf-syntax-ns#"
   xmlns:svg="http://www.w3.org/2000/svg"
   xmlns="http://www.w3.org/2000/svg"
   xmlns:xlink="http://www.w3.org/1999/xlink"
   xmlns:sodipodi="http://sodipodi.sourceforge.net/DTD/sodipodi-0.dtd"
   xmlns:inkscape="http://www.inkscape.org/namespaces/inkscape"
   width="64px"
   height="64px"
   viewBox="0 0 6.6163196 4.6334166"
   version="1.1"
   id="svg17"
   sodipodi:docname="temp.svg">
  <metadata
     id="metadata21">
    <rdf:RDF>
      <cc:Work
         rdf:about="">
        <dc:format>image/svg+xml</dc:format>
        <dc:type
           rdf:resource="http://purl.org/dc/dcmitype/StillImage" />
      </cc:Work>
    </rdf:RDF>
  </metadata>
  <sodipodi:namedview
     pagecolor="#ffffff"
     bordercolor="#666666"
     borderopacity="1"
     objecttolerance="10"
     gridtolerance="10"
     guidetolerance="10"
     inkscape:pageopacity="0"
     inkscape:pageshadow="2"
     inkscape:window-width="640"
     inkscape:window-height="480"
     id="namedview19" />
  <defs
     id="defs10">
    <g
       id="g8">
      <symbol
         overflow="visible"
         id="glyph0-0">
        <path
           style="stroke:none"
           d=""
           id="path2" />
      </symbol>
      <symbol
         overflow="visible"
         id="glyph0-1">
        <path
           style="stroke:none"
           d="M 3.59375,-3.46875 C 3.421875,-3.703125 3.25,-3.90625 3.015625,-4.0625 c -0.5,-0.359375 -1.15625,-0.453125 -1.734375,-0.234375 -0.40625,0.15625 -0.6875,0.453125 -0.875,0.8125 -0.03125,0.09375 -0.078125,0.1875 -0.109375,0.28125 0,0.03125 -0.015625,0.078125 0,0.125 0.046875,0.09375 0.1875,0.0625 0.234375,-0.015625 C 0.5625,-3.1875 0.59375,-3.28125 0.625,-3.375 0.703125,-3.53125 0.8125,-3.671875 0.9375,-3.796875 1.28125,-4.109375 1.859375,-4.28125 2.296875,-4.09375 2.5,-4.015625 2.6875,-3.875 2.8125,-3.703125 c 0.390625,0.5 0.46875,1.15625 0.421875,1.765625 -0.015625,0.40625 -0.078125,0.796875 -0.28125,1.15625 -0.140625,0.25 -0.34375,0.484375 -0.625,0.609375 C 2.140625,-0.09375 1.953125,-0.078125 1.75,-0.09375 1.421875,-0.125 1.09375,-0.21875 0.84375,-0.453125 0.984375,-0.46875 1.109375,-0.515625 1.203125,-0.625 1.375,-0.8125 1.328125,-1.171875 1.09375,-1.3125 c -0.25,-0.15625 -0.609375,-0.03125 -0.6875,0.265625 -0.0625,0.203125 0.015625,0.453125 0.125,0.625 0.1875,0.28125 0.53125,0.4375 0.84375,0.515625 0.515625,0.125 1.03125,0.078125 1.484375,-0.1875 0.15625,-0.09375 0.28125,-0.203125 0.40625,-0.328125 0.125,-0.125 0.265625,-0.296875 0.34375,-0.46875 H 3.625 c 0.09375,0.1875 0.265625,0.359375 0.40625,0.484375 C 4.5625,0.046875 5.359375,0.265625 6,-0.046875 6.359375,-0.203125 6.625,-0.5 6.796875,-0.859375 6.84375,-0.9375 6.875,-1.03125 6.890625,-1.109375 c 0,-0.046875 0.015625,-0.09375 0,-0.140625 -0.03125,-0.078125 -0.171875,-0.078125 -0.21875,0 -0.03125,0.046875 -0.03125,0.109375 -0.046875,0.171875 -0.046875,0.09375 -0.078125,0.1875 -0.140625,0.265625 -0.21875,0.375 -0.609375,0.640625 -1.03125,0.65625 -0.140625,0 -0.28125,-0.015625 -0.40625,-0.046875 C 4.921875,-0.25 4.8125,-0.296875 4.71875,-0.375 4.640625,-0.421875 4.5625,-0.5 4.484375,-0.5625 4.03125,-1.03125 3.953125,-1.6875 3.953125,-2.3125 H 6.65625 c 0.078125,0 0.15625,0.015625 0.21875,-0.046875 C 6.90625,-2.375 6.90625,-2.4375 6.90625,-2.5 c 0,-0.09375 0,-0.203125 -0.015625,-0.296875 C 6.84375,-3.25 6.703125,-3.71875 6.375,-4.046875 c -0.109375,-0.09375 -0.234375,-0.1875 -0.359375,-0.25 -0.734375,-0.375 -1.65625,-0.125 -2.171875,0.484375 -0.109375,0.109375 -0.1875,0.21875 -0.25,0.34375 z m 0.359375,0.953125 C 4,-3.03125 4.109375,-3.5625 4.5,-3.921875 c 0.28125,-0.28125 0.71875,-0.4375 1.09375,-0.25 0.078125,0.0625 0.15625,0.109375 0.234375,0.1875 0.140625,0.140625 0.21875,0.328125 0.28125,0.515625 0.09375,0.296875 0.125,0.625 0.125,0.953125 z m 0,0"
           id="path5" />
      </symbol>
    </g>
  </defs>
  <g
     id="surface1"
     transform="translate(-149.00194,-130.29141)">
    <g
       style="fill:#000000;fill-opacity:1"
       id="g14">
      <use
         xlink:href="#glyph0-1"
         x="148.71201"
         y="134.765"
         id="use12"
         width="100%"
         height="100%" />
    </g>
  </g>
</svg>
