<?xml version="1.0" encoding="UTF-8" standalone="no"?>
<svg
   xmlns:dc="http://purl.org/dc/elements/1.1/"
   xmlns:cc="http://creativecommons.org/ns#"
   xmlns:rdf="http://www.w3.org/1999/02/22-rdf-syntax-ns#"
   xmlns:svg="http://www.w3.org/2000/svg"
   xmlns="http://www.w3.org/2000/svg"
   xmlns:xlink="http://www.w3.org/1999/xlink"
   xmlns:sodipodi="http://sodipodi.sourceforge.net/DTD/sodipodi-0.dtd"
   xmlns:inkscape="http://www.inkscape.org/namespaces/inkscape"
   width="64px"
   height="64px"
   viewBox="0 0 4.8765716 6.331632"
   version="1.1"
   id="svg17"
   sodipodi:docname="temp.svg">
  <metadata
     id="metadata21">
    <rdf:RDF>
      <cc:Work
         rdf:about="">
        <dc:format>image/svg+xml</dc:format>
        <dc:type
           rdf:resource="http://purl.org/dc/dcmitype/StillImage" />
      </cc:Work>
    </rdf:RDF>
  </metadata>
  <sodipodi:namedview
     pagecolor="#ffffff"
     bordercolor="#666666"
     borderopacity="1"
     objecttolerance="10"
     gridtolerance="10"
     guidetolerance="10"
     inkscape:pageopacity="0"
     inkscape:pageshadow="2"
     inkscape:window-width="640"
     inkscape:window-height="480"
     id="namedview19" />
  <defs
     id="defs10">
    <g
       id="g8">
      <symbol
         overflow="visible"
         id="glyph0-0">
        <path
           style="stroke:none"
           d=""
           id="path2" />
      </symbol>
      <symbol
         overflow="visible"
         id="glyph0-1">
        <path
           style="stroke:none"
           d="m 0.1875,-0.3125 v 0.296875 l 0.90625,-0.03125 0.703125,0.03125 V -0.3125 c -0.078125,0 -0.15625,-0.03125 -0.234375,-0.0625 -0.171875,-0.09375 -0.25,-0.28125 -0.21875,-0.484375 0.046875,-0.125 0.109375,-0.25 0.15625,-0.390625 0.09375,-0.21875 0.171875,-0.421875 0.265625,-0.640625 0.125,-0.3125 0.265625,-0.625 0.390625,-0.9375 0.078125,-0.1875 0.140625,-0.40625 0.25,-0.59375 0.09375,0.25 0.203125,0.484375 0.296875,0.734375 0.1875,0.4375 0.375,0.90625 0.5625,1.359375 0.0625,0.171875 0.140625,0.34375 0.21875,0.53125 C 3.515625,-0.71875 3.5625,-0.625 3.546875,-0.53125 3.53125,-0.453125 3.46875,-0.40625 3.40625,-0.375 3.28125,-0.3125 3.125,-0.3125 3,-0.3125 v 0.296875 L 3.875,-0.046875 4.703125,-0.03125 5.0625,-0.015625 V -0.3125 c -0.109375,0 -0.203125,0 -0.3125,-0.015625 C 4.640625,-0.34375 4.515625,-0.34375 4.421875,-0.421875 4.328125,-0.515625 4.28125,-0.625 4.234375,-0.75 4.15625,-0.921875 4.09375,-1.09375 4.03125,-1.25 3.75,-1.921875 3.484375,-2.578125 3.203125,-3.25 3.09375,-3.515625 2.984375,-3.78125 2.875,-4.03125 2.84375,-4.125 2.75,-4.25 2.78125,-4.359375 2.84375,-4.53125 2.9375,-4.703125 3,-4.890625 3.140625,-5.234375 3.296875,-5.609375 3.5625,-5.875 3.8125,-6.09375 4.140625,-6.203125 4.453125,-6.0625 4.5,-6.03125 4.5625,-6 4.609375,-5.953125 4.5,-5.9375 4.375,-5.890625 4.296875,-5.78125 4.1875,-5.625 4.203125,-5.375 4.34375,-5.234375 c 0.0625,0.078125 0.15625,0.09375 0.234375,0.125 0.0625,0 0.109375,0 0.171875,-0.015625 C 4.796875,-5.140625 4.828125,-5.15625 4.875,-5.171875 5.109375,-5.3125 5.09375,-5.640625 5,-5.859375 4.78125,-6.28125 4.25,-6.4375 3.828125,-6.296875 3.59375,-6.21875 3.40625,-6.0625 3.25,-5.875 3.015625,-5.609375 2.875,-5.28125 2.75,-4.9375 2.671875,-4.734375 2.578125,-4.515625 2.5,-4.3125 2.140625,-3.4375 1.78125,-2.578125 1.421875,-1.71875 1.34375,-1.546875 1.28125,-1.375 1.203125,-1.203125 1.09375,-0.921875 0.984375,-0.609375 0.6875,-0.4375 0.625,-0.40625 0.546875,-0.375 0.484375,-0.359375 0.390625,-0.328125 0.296875,-0.3125 0.1875,-0.3125 Z m 0,0"
           id="path5" />
      </symbol>
    </g>
  </defs>
  <g
     id="surface1"
     transform="translate(-148.89951,-128.41774)">
    <g
       style="fill:#000000;fill-opacity:1"
       id="g14">
      <use
         xlink:href="#glyph0-1"
         x="148.71201"
         y="134.765"
         id="use12"
         width="100%"
         height="100%" />
    </g>
  </g>
</svg>
